-0.522984179961974 -1.15549970195946 -0.221179534917402 -0.34673187190825 -0.411095012360802
-0.522984179961974 0.318822086824541 -0.221179534917402 -0.34673187190825 -0.411095012360802
-0.522984179961974 1.79314387560855 -0.221179534917402 -0.34673187190825 -0.411095012360802
1.7385690306844 1.79314387560855 -0.221179534917402 -0.34673187190825 -0.411095012360802
-0.522984179961974 0.318822086824541 -0.221179534917402 2.57311547047701 -0.411095012360802
4.00012224133077 1.79314387560855 -0.221179534917402 -0.34673187190825 -0.411095012360802
-0.522984179961974 -1.15549970195946 -0.221179534917402 -0.34673187190825 -0.411095012360802
-0.522984179961974 -1.15549970195946 -0.221179534917402 5.49296281286227 -0.411095012360802
-0.522984179961974 -1.15549970195946 -0.221179534917402 -0.34673187190825 -0.411095012360802
-0.522984179961974 1.79314387560855 4.09451870737336 -0.34673187190825 2.25600921417513
-0.522984179961974 -1.15549970195946 -0.221179534917402 -0.34673187190825 -0.411095012360802
1.7385690306844 -1.15549970195946 -0.221179534917402 -0.34673187190825 -0.411095012360802
-0.522984179961974 -1.15549970195946 -0.221179534917402 -0.34673187190825 2.25600921417513
-0.522984179961974 -1.15549970195946 -0.221179534917402 2.57311547047701 -0.411095012360802
-0.522984179961974 0.318822086824541 -0.221179534917402 -0.34673187190825 -0.411095012360802
-0.522984179961974 -1.15549970195946 -0.221179534917402 -0.34673187190825 -0.411095012360802
-0.522984179961974 0.318822086824541 -0.221179534917402 -0.34673187190825 -0.411095012360802
-0.522984179961974 0.318822086824541 -0.221179534917402 -0.34673187190825 2.25600921417513
-0.522984179961974 0.318822086824541 -0.221179534917402 -0.34673187190825 -0.411095012360802
-0.522984179961974 0.318822086824541 -0.221179534917402 -0.34673187190825 -0.411095012360802
-0.522984179961974 0.318822086824541 -0.221179534917402 -0.34673187190825 -0.411095012360802
1.7385690306844 0.318822086824541 -0.221179534917402 -0.34673187190825 -0.411095012360802
1.7385690306844 0.318822086824541 -0.221179534917402 -0.34673187190825 -0.411095012360802
-0.522984179961974 0.318822086824541 -0.221179534917402 -0.34673187190825 -0.411095012360802
-0.522984179961974 -1.15549970195946 -0.221179534917402 -0.34673187190825 -0.411095012360802
-0.522984179961974 -1.15549970195946 -0.221179534917402 2.57311547047701 -0.411095012360802
1.7385690306844 0.318822086824541 -0.221179534917402 -0.34673187190825 -0.411095012360802
-0.522984179961974 0.318822086824541 -0.221179534917402 -0.34673187190825 -0.411095012360802
-0.522984179961974 0.318822086824541 -0.221179534917402 -0.34673187190825 -0.411095012360802
-0.522984179961974 -1.15549970195946 -0.221179534917402 -0.34673187190825 2.25600921417513
-0.522984179961974 0.318822086824541 -0.221179534917402 -0.34673187190825 -0.411095012360802
-0.522984179961974 0.318822086824541 -0.221179534917402 -0.34673187190825 -0.411095012360802
1.7385690306844 0.318822086824541 -0.221179534917402 -0.34673187190825 -0.411095012360802
4.00012224133077 -1.15549970195946 -0.221179534917402 -0.34673187190825 -0.411095012360802
-0.522984179961974 -1.15549970195946 -0.221179534917402 -0.34673187190825 -0.411095012360802
-0.522984179961974 0.318822086824541 -0.221179534917402 -0.34673187190825 -0.411095012360802
1.7385690306844 0.318822086824541 -0.221179534917402 -0.34673187190825 -0.411095012360802
-0.522984179961974 0.318822086824541 -0.221179534917402 -0.34673187190825 -0.411095012360802
-0.522984179961974 1.79314387560855 -0.221179534917402 -0.34673187190825 -0.411095012360802
-0.522984179961974 0.318822086824541 -0.221179534917402 -0.34673187190825 -0.411095012360802
-0.522984179961974 0.318822086824541 -0.221179534917402 -0.34673187190825 2.25600921417513
-0.522984179961974 0.318822086824541 -0.221179534917402 -0.34673187190825 -0.411095012360802
1.7385690306844 -1.15549970195946 -0.221179534917402 2.57311547047701 -0.411095012360802
-0.522984179961974 -1.15549970195946 -0.221179534917402 -0.34673187190825 -0.411095012360802
-0.522984179961974 0.318822086824541 -0.221179534917402 -0.34673187190825 -0.411095012360802
-0.522984179961974 0.318822086824541 -0.221179534917402 -0.34673187190825 2.25600921417513
-0.522984179961974 -1.15549970195946 -0.221179534917402 -0.34673187190825 -0.411095012360802
-0.522984179961974 1.79314387560855 -0.221179534917402 -0.34673187190825 -0.411095012360802
-0.522984179961974 0.318822086824541 -0.221179534917402 -0.34673187190825 -0.411095012360802
-0.522984179961974 0.318822086824541 -0.221179534917402 -0.34673187190825 -0.411095012360802
-0.522984179961974 -1.15549970195946 -0.221179534917402 2.57311547047701 -0.411095012360802
-0.522984179961974 0.318822086824541 -0.221179534917402 -0.34673187190825 -0.411095012360802
-0.522984179961974 -1.15549970195946 -0.221179534917402 -0.34673187190825 -0.411095012360802
-0.522984179961974 0.318822086824541 -0.221179534917402 -0.34673187190825 -0.411095012360802
-0.522984179961974 0.318822086824541 -0.221179534917402 -0.34673187190825 -0.411095012360802
1.7385690306844 1.79314387560855 -0.221179534917402 -0.34673187190825 -0.411095012360802
-0.522984179961974 -1.15549970195946 -0.221179534917402 -0.34673187190825 2.25600921417513
-0.522984179961974 -1.15549970195946 -0.221179534917402 2.57311547047701 -0.411095012360802
-0.522984179961974 0.318822086824541 -0.221179534917402 -0.34673187190825 -0.411095012360802
-0.522984179961974 0.318822086824541 -0.221179534917402 -0.34673187190825 -0.411095012360802
-0.522984179961974 -1.15549970195946 -0.221179534917402 -0.34673187190825 2.25600921417513
-0.522984179961974 0.318822086824541 -0.221179534917402 -0.34673187190825 2.25600921417513
1.7385690306844 0.318822086824541 -0.221179534917402 -0.34673187190825 -0.411095012360802
-0.522984179961974 0.318822086824541 -0.221179534917402 -0.34673187190825 -0.411095012360802
-0.522984179961974 -1.15549970195946 4.09451870737336 -0.34673187190825 -0.411095012360802
-0.522984179961974 -1.15549970195946 -0.221179534917402 -0.34673187190825 -0.411095012360802
-0.522984179961974 -1.15549970195946 -0.221179534917402 -0.34673187190825 -0.411095012360802
-0.522984179961974 0.318822086824541 -0.221179534917402 -0.34673187190825 -0.411095012360802
-0.522984179961974 0.318822086824541 -0.221179534917402 -0.34673187190825 -0.411095012360802
1.7385690306844 0.318822086824541 -0.221179534917402 -0.34673187190825 -0.411095012360802
-0.522984179961974 -1.15549970195946 -0.221179534917402 -0.34673187190825 -0.411095012360802
-0.522984179961974 -1.15549970195946 -0.221179534917402 2.57311547047701 -0.411095012360802
-0.522984179961974 -1.15549970195946 -0.221179534917402 -0.34673187190825 2.25600921417513
-0.522984179961974 -1.15549970195946 -0.221179534917402 -0.34673187190825 -0.411095012360802
-0.522984179961974 -1.15549970195946 -0.221179534917402 2.57311547047701 -0.411095012360802
1.7385690306844 0.318822086824541 -0.221179534917402 -0.34673187190825 -0.411095012360802
-0.522984179961974 -1.15549970195946 -0.221179534917402 2.57311547047701 -0.411095012360802
-0.522984179961974 0.318822086824541 -0.221179534917402 -0.34673187190825 2.25600921417513
1.7385690306844 0.318822086824541 -0.221179534917402 -0.34673187190825 -0.411095012360802
-0.522984179961974 -1.15549970195946 -0.221179534917402 -0.34673187190825 -0.411095012360802
-0.522984179961974 0.318822086824541 -0.221179534917402 -0.34673187190825 -0.411095012360802
-0.522984179961974 0.318822086824541 -0.221179534917402 -0.34673187190825 -0.411095012360802
1.7385690306844 -1.15549970195946 -0.221179534917402 -0.34673187190825 -0.411095012360802
-0.522984179961974 0.318822086824541 -0.221179534917402 -0.34673187190825 -0.411095012360802
1.7385690306844 -1.15549970195946 -0.221179534917402 -0.34673187190825 -0.411095012360802
-0.522984179961974 -1.15549970195946 -0.221179534917402 -0.34673187190825 -0.411095012360802
-0.522984179961974 0.318822086824541 -0.221179534917402 -0.34673187190825 -0.411095012360802
-0.522984179961974 0.318822086824541 -0.221179534917402 -0.34673187190825 -0.411095012360802
-0.522984179961974 -1.15549970195946 -0.221179534917402 -0.34673187190825 2.25600921417513
1.7385690306844 -1.15549970195946 -0.221179534917402 -0.34673187190825 2.25600921417513
-0.522984179961974 -1.15549970195946 -0.221179534917402 -0.34673187190825 2.25600921417513
-0.522984179961974 -1.15549970195946 -0.221179534917402 -0.34673187190825 -0.411095012360802
-0.522984179961974 -1.15549970195946 -0.221179534917402 -0.34673187190825 -0.411095012360802
-0.522984179961974 -1.15549970195946 -0.221179534917402 2.57311547047701 -0.411095012360802
-0.522984179961974 0.318822086824541 -0.221179534917402 -0.34673187190825 -0.411095012360802
1.7385690306844 -1.15549970195946 -0.221179534917402 -0.34673187190825 -0.411095012360802
-0.522984179961974 -1.15549970195946 -0.221179534917402 -0.34673187190825 -0.411095012360802
-0.522984179961974 0.318822086824541 -0.221179534917402 -0.34673187190825 -0.411095012360802
1.7385690306844 1.79314387560855 -0.221179534917402 -0.34673187190825 -0.411095012360802
-0.522984179961974 -1.15549970195946 -0.221179534917402 5.49296281286227 -0.411095012360802
-0.522984179961974 -1.15549970195946 -0.221179534917402 -0.34673187190825 2.25600921417513
-0.522984179961974 0.318822086824541 -0.221179534917402 -0.34673187190825 -0.411095012360802
-0.522984179961974 0.318822086824541 -0.221179534917402 -0.34673187190825 -0.411095012360802
-0.522984179961974 -1.15549970195946 -0.221179534917402 -0.34673187190825 -0.411095012360802
-0.522984179961974 0.318822086824541 -0.221179534917402 -0.34673187190825 -0.411095012360802
-0.522984179961974 0.318822086824541 -0.221179534917402 -0.34673187190825 -0.411095012360802
-0.522984179961974 1.79314387560855 -0.221179534917402 -0.34673187190825 -0.411095012360802
1.7385690306844 0.318822086824541 -0.221179534917402 -0.34673187190825 -0.411095012360802
-0.522984179961974 -1.15549970195946 -0.221179534917402 2.57311547047701 -0.411095012360802
-0.522984179961974 -1.15549970195946 -0.221179534917402 -0.34673187190825 -0.411095012360802
-0.522984179961974 -1.15549970195946 -0.221179534917402 -0.34673187190825 -0.411095012360802
-0.522984179961974 0.318822086824541 -0.221179534917402 -0.34673187190825 -0.411095012360802
-0.522984179961974 0.318822086824541 -0.221179534917402 -0.34673187190825 2.25600921417513
1.7385690306844 0.318822086824541 4.09451870737336 -0.34673187190825 -0.411095012360802
-0.522984179961974 -1.15549970195946 -0.221179534917402 -0.34673187190825 -0.411095012360802
-0.522984179961974 0.318822086824541 4.09451870737336 -0.34673187190825 -0.411095012360802
-0.522984179961974 1.79314387560855 -0.221179534917402 -0.34673187190825 -0.411095012360802
-0.522984179961974 -1.15549970195946 -0.221179534917402 -0.34673187190825 -0.411095012360802
-0.522984179961974 0.318822086824541 -0.221179534917402 -0.34673187190825 -0.411095012360802
1.7385690306844 0.318822086824541 -0.221179534917402 -0.34673187190825 -0.411095012360802
-0.522984179961974 -1.15549970195946 -0.221179534917402 -0.34673187190825 -0.411095012360802
-0.522984179961974 -1.15549970195946 -0.221179534917402 -0.34673187190825 -0.411095012360802
-0.522984179961974 0.318822086824541 -0.221179534917402 -0.34673187190825 -0.411095012360802
-0.522984179961974 -1.15549970195946 -0.221179534917402 -0.34673187190825 -0.411095012360802
-0.522984179961974 -1.15549970195946 -0.221179534917402 -0.34673187190825 -0.411095012360802
-0.522984179961974 -1.15549970195946 -0.221179534917402 -0.34673187190825 -0.411095012360802
1.7385690306844 -1.15549970195946 -0.221179534917402 -0.34673187190825 -0.411095012360802
-0.522984179961974 0.318822086824541 -0.221179534917402 5.49296281286227 -0.411095012360802
-0.522984179961974 -1.15549970195946 -0.221179534917402 2.57311547047701 2.25600921417513
1.7385690306844 1.79314387560855 -0.221179534917402 -0.34673187190825 -0.411095012360802
1.7385690306844 1.79314387560855 -0.221179534917402 -0.34673187190825 -0.411095012360802
-0.522984179961974 0.318822086824541 -0.221179534917402 -0.34673187190825 -0.411095012360802
-0.522984179961974 -1.15549970195946 4.09451870737336 -0.34673187190825 -0.411095012360802
-0.522984179961974 -1.15549970195946 -0.221179534917402 -0.34673187190825 -0.411095012360802
-0.522984179961974 0.318822086824541 -0.221179534917402 -0.34673187190825 -0.411095012360802
-0.522984179961974 0.318822086824541 -0.221179534917402 2.57311547047701 -0.411095012360802
-0.522984179961974 0.318822086824541 -0.221179534917402 -0.34673187190825 -0.411095012360802
-0.522984179961974 0.318822086824541 -0.221179534917402 -0.34673187190825 -0.411095012360802
1.7385690306844 0.318822086824541 -0.221179534917402 -0.34673187190825 -0.411095012360802
-0.522984179961974 -1.15549970195946 -0.221179534917402 -0.34673187190825 -0.411095012360802
-0.522984179961974 0.318822086824541 -0.221179534917402 -0.34673187190825 -0.411095012360802
-0.522984179961974 1.79314387560855 -0.221179534917402 -0.34673187190825 -0.411095012360802
-0.522984179961974 1.79314387560855 -0.221179534917402 -0.34673187190825 2.25600921417513
-0.522984179961974 -1.15549970195946 -0.221179534917402 -0.34673187190825 -0.411095012360802
-0.522984179961974 -1.15549970195946 -0.221179534917402 -0.34673187190825 2.25600921417513
-0.522984179961974 -1.15549970195946 -0.221179534917402 -0.34673187190825 -0.411095012360802
1.7385690306844 0.318822086824541 -0.221179534917402 -0.34673187190825 -0.411095012360802
1.7385690306844 1.79314387560855 -0.221179534917402 -0.34673187190825 -0.411095012360802
-0.522984179961974 -1.15549970195946 -0.221179534917402 -0.34673187190825 -0.411095012360802
-0.522984179961974 -1.15549970195946 -0.221179534917402 -0.34673187190825 -0.411095012360802
1.7385690306844 -1.15549970195946 -0.221179534917402 -0.34673187190825 -0.411095012360802
-0.522984179961974 -1.15549970195946 -0.221179534917402 -0.34673187190825 -0.411095012360802
-0.522984179961974 0.318822086824541 -0.221179534917402 -0.34673187190825 -0.411095012360802
-0.522984179961974 0.318822086824541 -0.221179534917402 -0.34673187190825 2.25600921417513
-0.522984179961974 -1.15549970195946 -0.221179534917402 -0.34673187190825 -0.411095012360802
-0.522984179961974 0.318822086824541 -0.221179534917402 -0.34673187190825 2.25600921417513
-0.522984179961974 0.318822086824541 -0.221179534917402 -0.34673187190825 -0.411095012360802
-0.522984179961974 -1.15549970195946 4.09451870737336 -0.34673187190825 -0.411095012360802
-0.522984179961974 -1.15549970195946 -0.221179534917402 2.57311547047701 -0.411095012360802
-0.522984179961974 -1.15549970195946 -0.221179534917402 -0.34673187190825 -0.411095012360802
-0.522984179961974 1.79314387560855 -0.221179534917402 -0.34673187190825 -0.411095012360802
-0.522984179961974 -1.15549970195946 -0.221179534917402 -0.34673187190825 -0.411095012360802
-0.522984179961974 -1.15549970195946 -0.221179534917402 -0.34673187190825 -0.411095012360802
1.7385690306844 0.318822086824541 -0.221179534917402 -0.34673187190825 -0.411095012360802
1.7385690306844 -1.15549970195946 -0.221179534917402 -0.34673187190825 -0.411095012360802
1.7385690306844 0.318822086824541 -0.221179534917402 -0.34673187190825 -0.411095012360802
-0.522984179961974 0.318822086824541 -0.221179534917402 2.57311547047701 -0.411095012360802
1.7385690306844 0.318822086824541 -0.221179534917402 -0.34673187190825 -0.411095012360802
-0.522984179961974 0.318822086824541 -0.221179534917402 -0.34673187190825 2.25600921417513
-0.522984179961974 -1.15549970195946 -0.221179534917402 -0.34673187190825 -0.411095012360802
-0.522984179961974 0.318822086824541 -0.221179534917402 -0.34673187190825 -0.411095012360802
-0.522984179961974 0.318822086824541 -0.221179534917402 -0.34673187190825 -0.411095012360802
-0.522984179961974 0.318822086824541 -0.221179534917402 -0.34673187190825 -0.411095012360802
1.7385690306844 0.318822086824541 -0.221179534917402 -0.34673187190825 -0.411095012360802
-0.522984179961974 -1.15549970195946 -0.221179534917402 -0.34673187190825 -0.411095012360802
1.7385690306844 0.318822086824541 -0.221179534917402 -0.34673187190825 -0.411095012360802
-0.522984179961974 -1.15549970195946 -0.221179534917402 -0.34673187190825 2.25600921417513
-0.522984179961974 0.318822086824541 -0.221179534917402 -0.34673187190825 -0.411095012360802
-0.522984179961974 0.318822086824541 -0.221179534917402 -0.34673187190825 2.25600921417513
1.7385690306844 -1.15549970195946 -0.221179534917402 -0.34673187190825 -0.411095012360802
-0.522984179961974 -1.15549970195946 -0.221179534917402 -0.34673187190825 -0.411095012360802
-0.522984179961974 1.79314387560855 -0.221179534917402 -0.34673187190825 -0.411095012360802
-0.522984179961974 0.318822086824541 -0.221179534917402 -0.34673187190825 -0.411095012360802
-0.522984179961974 0.318822086824541 -0.221179534917402 -0.34673187190825 -0.411095012360802
1.7385690306844 1.79314387560855 -0.221179534917402 -0.34673187190825 -0.411095012360802
-0.522984179961974 1.79314387560855 -0.221179534917402 -0.34673187190825 -0.411095012360802
-0.522984179961974 -1.15549970195946 -0.221179534917402 -0.34673187190825 -0.411095012360802
1.7385690306844 1.79314387560855 -0.221179534917402 -0.34673187190825 -0.411095012360802
-0.522984179961974 0.318822086824541 -0.221179534917402 -0.34673187190825 -0.411095012360802
1.7385690306844 1.79314387560855 -0.221179534917402 -0.34673187190825 -0.411095012360802
-0.522984179961974 0.318822086824541 -0.221179534917402 -0.34673187190825 -0.411095012360802
-0.522984179961974 0.318822086824541 -0.221179534917402 -0.34673187190825 -0.411095012360802
-0.522984179961974 -1.15549970195946 -0.221179534917402 -0.34673187190825 -0.411095012360802
-0.522984179961974 0.318822086824541 -0.221179534917402 -0.34673187190825 -0.411095012360802
-0.522984179961974 0.318822086824541 -0.221179534917402 -0.34673187190825 -0.411095012360802
-0.522984179961974 0.318822086824541 -0.221179534917402 -0.34673187190825 -0.411095012360802
-0.522984179961974 0.318822086824541 -0.221179534917402 -0.34673187190825 -0.411095012360802
-0.522984179961974 -1.15549970195946 -0.221179534917402 -0.34673187190825 -0.411095012360802
-0.522984179961974 -1.15549970195946 -0.221179534917402 -0.34673187190825 -0.411095012360802
1.7385690306844 0.318822086824541 -0.221179534917402 -0.34673187190825 -0.411095012360802
-0.522984179961974 0.318822086824541 -0.221179534917402 -0.34673187190825 -0.411095012360802
-0.522984179961974 -1.15549970195946 -0.221179534917402 -0.34673187190825 -0.411095012360802
1.7385690306844 -1.15549970195946 -0.221179534917402 -0.34673187190825 -0.411095012360802
-0.522984179961974 -1.15549970195946 -0.221179534917402 -0.34673187190825 2.25600921417513
-0.522984179961974 0.318822086824541 -0.221179534917402 -0.34673187190825 -0.411095012360802
-0.522984179961974 0.318822086824541 -0.221179534917402 -0.34673187190825 -0.411095012360802
-0.522984179961974 -1.15549970195946 -0.221179534917402 -0.34673187190825 -0.411095012360802
-0.522984179961974 0.318822086824541 -0.221179534917402 -0.34673187190825 -0.411095012360802
-0.522984179961974 0.318822086824541 -0.221179534917402 -0.34673187190825 -0.411095012360802
-0.522984179961974 0.318822086824541 4.09451870737336 -0.34673187190825 -0.411095012360802
-0.522984179961974 1.79314387560855 -0.221179534917402 -0.34673187190825 -0.411095012360802
-0.522984179961974 1.79314387560855 -0.221179534917402 -0.34673187190825 -0.411095012360802
-0.522984179961974 -1.15549970195946 -0.221179534917402 -0.34673187190825 -0.411095012360802
-0.522984179961974 1.79314387560855 -0.221179534917402 -0.34673187190825 -0.411095012360802
-0.522984179961974 0.318822086824541 -0.221179534917402 -0.34673187190825 -0.411095012360802
-0.522984179961974 -1.15549970195946 -0.221179534917402 -0.34673187190825 -0.411095012360802
-0.522984179961974 -1.15549970195946 -0.221179534917402 -0.34673187190825 -0.411095012360802
-0.522984179961974 -1.15549970195946 -0.221179534917402 -0.34673187190825 -0.411095012360802
1.7385690306844 0.318822086824541 -0.221179534917402 -0.34673187190825 2.25600921417513
-0.522984179961974 1.79314387560855 -0.221179534917402 2.57311547047701 -0.411095012360802
-0.522984179961974 -1.15549970195946 -0.221179534917402 -0.34673187190825 -0.411095012360802
-0.522984179961974 0.318822086824541 -0.221179534917402 -0.34673187190825 -0.411095012360802
-0.522984179961974 -1.15549970195946 -0.221179534917402 -0.34673187190825 -0.411095012360802
4.00012224133077 -1.15549970195946 -0.221179534917402 -0.34673187190825 -0.411095012360802
-0.522984179961974 -1.15549970195946 -0.221179534917402 2.57311547047701 -0.411095012360802
1.7385690306844 1.79314387560855 -0.221179534917402 -0.34673187190825 -0.411095012360802
-0.522984179961974 -1.15549970195946 -0.221179534917402 -0.34673187190825 2.25600921417513
-0.522984179961974 -1.15549970195946 4.09451870737336 -0.34673187190825 -0.411095012360802
-0.522984179961974 0.318822086824541 -0.221179534917402 -0.34673187190825 -0.411095012360802
-0.522984179961974 -1.15549970195946 -0.221179534917402 -0.34673187190825 -0.411095012360802
1.7385690306844 0.318822086824541 -0.221179534917402 -0.34673187190825 -0.411095012360802
1.7385690306844 0.318822086824541 -0.221179534917402 -0.34673187190825 -0.411095012360802
-0.522984179961974 1.79314387560855 -0.221179534917402 -0.34673187190825 2.25600921417513
-0.522984179961974 0.318822086824541 -0.221179534917402 2.57311547047701 -0.411095012360802
-0.522984179961974 0.318822086824541 -0.221179534917402 -0.34673187190825 -0.411095012360802
1.7385690306844 -1.15549970195946 -0.221179534917402 -0.34673187190825 -0.411095012360802
-0.522984179961974 0.318822086824541 -0.221179534917402 -0.34673187190825 2.25600921417513
-0.522984179961974 0.318822086824541 -0.221179534917402 -0.34673187190825 -0.411095012360802
-0.522984179961974 -1.15549970195946 -0.221179534917402 -0.34673187190825 -0.411095012360802
-0.522984179961974 -1.15549970195946 -0.221179534917402 -0.34673187190825 -0.411095012360802
-0.522984179961974 -1.15549970195946 -0.221179534917402 -0.34673187190825 -0.411095012360802
-0.522984179961974 -1.15549970195946 -0.221179534917402 -0.34673187190825 -0.411095012360802
-0.522984179961974 0.318822086824541 -0.221179534917402 -0.34673187190825 -0.411095012360802
1.7385690306844 0.318822086824541 -0.221179534917402 -0.34673187190825 -0.411095012360802
-0.522984179961974 -1.15549970195946 -0.221179534917402 -0.34673187190825 2.25600921417513
-0.522984179961974 0.318822086824541 -0.221179534917402 -0.34673187190825 -0.411095012360802
1.7385690306844 0.318822086824541 -0.221179534917402 -0.34673187190825 -0.411095012360802
-0.522984179961974 0.318822086824541 -0.221179534917402 -0.34673187190825 -0.411095012360802
1.7385690306844 1.79314387560855 -0.221179534917402 -0.34673187190825 -0.411095012360802
-0.522984179961974 0.318822086824541 -0.221179534917402 -0.34673187190825 -0.411095012360802
-0.522984179961974 0.318822086824541 -0.221179534917402 -0.34673187190825 -0.411095012360802
1.7385690306844 -1.15549970195946 -0.221179534917402 -0.34673187190825 -0.411095012360802
1.7385690306844 -1.15549970195946 -0.221179534917402 -0.34673187190825 -0.411095012360802
-0.522984179961974 0.318822086824541 -0.221179534917402 -0.34673187190825 -0.411095012360802
-0.522984179961974 0.318822086824541 -0.221179534917402 -0.34673187190825 -0.411095012360802
-0.522984179961974 0.318822086824541 -0.221179534917402 -0.34673187190825 -0.411095012360802
-0.522984179961974 0.318822086824541 4.09451870737336 -0.34673187190825 -0.411095012360802
-0.522984179961974 -1.15549970195946 -0.221179534917402 -0.34673187190825 -0.411095012360802
1.7385690306844 1.79314387560855 4.09451870737336 -0.34673187190825 2.25600921417513
1.7385690306844 1.79314387560855 -0.221179534917402 -0.34673187190825 -0.411095012360802
1.7385690306844 -1.15549970195946 -0.221179534917402 -0.34673187190825 -0.411095012360802
1.7385690306844 0.318822086824541 -0.221179534917402 -0.34673187190825 -0.411095012360802
-0.522984179961974 -1.15549970195946 -0.221179534917402 -0.34673187190825 2.25600921417513
-0.522984179961974 0.318822086824541 -0.221179534917402 -0.34673187190825 -0.411095012360802
1.7385690306844 0.318822086824541 -0.221179534917402 2.57311547047701 -0.411095012360802
-0.522984179961974 -1.15549970195946 -0.221179534917402 -0.34673187190825 2.25600921417513
-0.522984179961974 0.318822086824541 -0.221179534917402 -0.34673187190825 -0.411095012360802
-0.522984179961974 0.318822086824541 -0.221179534917402 -0.34673187190825 -0.411095012360802
-0.522984179961974 1.79314387560855 -0.221179534917402 -0.34673187190825 -0.411095012360802
-0.522984179961974 -1.15549970195946 -0.221179534917402 -0.34673187190825 -0.411095012360802
-0.522984179961974 0.318822086824541 -0.221179534917402 -0.34673187190825 -0.411095012360802
-0.522984179961974 0.318822086824541 -0.221179534917402 -0.34673187190825 -0.411095012360802
-0.522984179961974 -1.15549970195946 -0.221179534917402 -0.34673187190825 -0.411095012360802
-0.522984179961974 -1.15549970195946 -0.221179534917402 -0.34673187190825 -0.411095012360802
-0.522984179961974 -1.15549970195946 -0.221179534917402 -0.34673187190825 -0.411095012360802
1.7385690306844 1.79314387560855 -0.221179534917402 -0.34673187190825 -0.411095012360802
-0.522984179961974 0.318822086824541 -0.221179534917402 -0.34673187190825 -0.411095012360802
1.7385690306844 1.79314387560855 -0.221179534917402 -0.34673187190825 -0.411095012360802
-0.522984179961974 1.79314387560855 -0.221179534917402 -0.34673187190825 -0.411095012360802
-0.522984179961974 0.318822086824541 4.09451870737336 -0.34673187190825 -0.411095012360802
1.7385690306844 1.79314387560855 -0.221179534917402 -0.34673187190825 -0.411095012360802
-0.522984179961974 0.318822086824541 -0.221179534917402 -0.34673187190825 -0.411095012360802
-0.522984179961974 0.318822086824541 -0.221179534917402 -0.34673187190825 -0.411095012360802
-0.522984179961974 1.79314387560855 -0.221179534917402 -0.34673187190825 -0.411095012360802
-0.522984179961974 0.318822086824541 -0.221179534917402 -0.34673187190825 -0.411095012360802
-0.522984179961974 0.318822086824541 4.09451870737336 -0.34673187190825 -0.411095012360802
-0.522984179961974 0.318822086824541 -0.221179534917402 -0.34673187190825 -0.411095012360802
1.7385690306844 0.318822086824541 -0.221179534917402 2.57311547047701 -0.411095012360802
-0.522984179961974 -1.15549970195946 -0.221179534917402 2.57311547047701 -0.411095012360802
-0.522984179961974 0.318822086824541 4.09451870737336 -0.34673187190825 2.25600921417513
-0.522984179961974 1.79314387560855 -0.221179534917402 -0.34673187190825 2.25600921417513
-0.522984179961974 0.318822086824541 -0.221179534917402 -0.34673187190825 -0.411095012360802
-0.522984179961974 -1.15549970195946 -0.221179534917402 -0.34673187190825 -0.411095012360802
-0.522984179961974 0.318822086824541 -0.221179534917402 2.57311547047701 -0.411095012360802
1.7385690306844 -1.15549970195946 4.09451870737336 -0.34673187190825 -0.411095012360802
-0.522984179961974 -1.15549970195946 -0.221179534917402 -0.34673187190825 -0.411095012360802
-0.522984179961974 0.318822086824541 -0.221179534917402 -0.34673187190825 -0.411095012360802
-0.522984179961974 0.318822086824541 -0.221179534917402 -0.34673187190825 -0.411095012360802
-0.522984179961974 -1.15549970195946 -0.221179534917402 -0.34673187190825 -0.411095012360802
-0.522984179961974 0.318822086824541 -0.221179534917402 -0.34673187190825 -0.411095012360802
-0.522984179961974 0.318822086824541 -0.221179534917402 -0.34673187190825 -0.411095012360802
1.7385690306844 0.318822086824541 -0.221179534917402 -0.34673187190825 -0.411095012360802
1.7385690306844 -1.15549970195946 -0.221179534917402 -0.34673187190825 2.25600921417513
-0.522984179961974 0.318822086824541 -0.221179534917402 -0.34673187190825 -0.411095012360802
-0.522984179961974 0.318822086824541 -0.221179534917402 -0.34673187190825 2.25600921417513
1.7385690306844 0.318822086824541 -0.221179534917402 -0.34673187190825 -0.411095012360802
-0.522984179961974 0.318822086824541 -0.221179534917402 -0.34673187190825 -0.411095012360802
-0.522984179961974 0.318822086824541 -0.221179534917402 -0.34673187190825 -0.411095012360802
-0.522984179961974 1.79314387560855 -0.221179534917402 -0.34673187190825 -0.411095012360802
-0.522984179961974 1.79314387560855 -0.221179534917402 -0.34673187190825 -0.411095012360802
1.7385690306844 -1.15549970195946 -0.221179534917402 -0.34673187190825 -0.411095012360802
-0.522984179961974 -1.15549970195946 -0.221179534917402 -0.34673187190825 -0.411095012360802
-0.522984179961974 0.318822086824541 -0.221179534917402 -0.34673187190825 -0.411095012360802
-0.522984179961974 -1.15549970195946 -0.221179534917402 -0.34673187190825 -0.411095012360802
-0.522984179961974 0.318822086824541 4.09451870737336 -0.34673187190825 -0.411095012360802
-0.522984179961974 -1.15549970195946 -0.221179534917402 -0.34673187190825 -0.411095012360802
-0.522984179961974 1.79314387560855 -0.221179534917402 -0.34673187190825 -0.411095012360802
-0.522984179961974 0.318822086824541 -0.221179534917402 -0.34673187190825 2.25600921417513
-0.522984179961974 -1.15549970195946 -0.221179534917402 -0.34673187190825 2.25600921417513
-0.522984179961974 1.79314387560855 -0.221179534917402 -0.34673187190825 -0.411095012360802
-0.522984179961974 -1.15549970195946 -0.221179534917402 -0.34673187190825 2.25600921417513
1.7385690306844 1.79314387560855 -0.221179534917402 -0.34673187190825 -0.411095012360802
-0.522984179961974 1.79314387560855 -0.221179534917402 -0.34673187190825 -0.411095012360802
1.7385690306844 0.318822086824541 -0.221179534917402 -0.34673187190825 -0.411095012360802
-0.522984179961974 -1.15549970195946 -0.221179534917402 -0.34673187190825 -0.411095012360802
1.7385690306844 0.318822086824541 -0.221179534917402 2.57311547047701 2.25600921417513
-0.522984179961974 0.318822086824541 -0.221179534917402 -0.34673187190825 -0.411095012360802
-0.522984179961974 1.79314387560855 -0.221179534917402 -0.34673187190825 -0.411095012360802
-0.522984179961974 0.318822086824541 -0.221179534917402 -0.34673187190825 -0.411095012360802
-0.522984179961974 -1.15549970195946 -0.221179534917402 2.57311547047701 -0.411095012360802
-0.522984179961974 0.318822086824541 -0.221179534917402 -0.34673187190825 -0.411095012360802
-0.522984179961974 -1.15549970195946 4.09451870737336 -0.34673187190825 -0.411095012360802
-0.522984179961974 0.318822086824541 -0.221179534917402 -0.34673187190825 -0.411095012360802
-0.522984179961974 -1.15549970195946 -0.221179534917402 2.57311547047701 -0.411095012360802
1.7385690306844 0.318822086824541 4.09451870737336 -0.34673187190825 -0.411095012360802
-0.522984179961974 -1.15549970195946 -0.221179534917402 -0.34673187190825 -0.411095012360802
-0.522984179961974 1.79314387560855 -0.221179534917402 -0.34673187190825 -0.411095012360802
-0.522984179961974 0.318822086824541 -0.221179534917402 -0.34673187190825 4.92311344071107
-0.522984179961974 0.318822086824541 -0.221179534917402 -0.34673187190825 2.25600921417513
1.7385690306844 -1.15549970195946 -0.221179534917402 -0.34673187190825 -0.411095012360802
-0.522984179961974 0.318822086824541 -0.221179534917402 -0.34673187190825 -0.411095012360802
1.7385690306844 1.79314387560855 -0.221179534917402 -0.34673187190825 -0.411095012360802
-0.522984179961974 -1.15549970195946 -0.221179534917402 -0.34673187190825 -0.411095012360802
-0.522984179961974 0.318822086824541 -0.221179534917402 -0.34673187190825 -0.411095012360802
-0.522984179961974 1.79314387560855 -0.221179534917402 -0.34673187190825 2.25600921417513
-0.522984179961974 0.318822086824541 -0.221179534917402 -0.34673187190825 2.25600921417513
-0.522984179961974 0.318822086824541 -0.221179534917402 -0.34673187190825 -0.411095012360802
-0.522984179961974 0.318822086824541 -0.221179534917402 -0.34673187190825 2.25600921417513
-0.522984179961974 1.79314387560855 -0.221179534917402 -0.34673187190825 -0.411095012360802
1.7385690306844 0.318822086824541 -0.221179534917402 -0.34673187190825 -0.411095012360802
-0.522984179961974 0.318822086824541 -0.221179534917402 -0.34673187190825 -0.411095012360802
-0.522984179961974 -1.15549970195946 -0.221179534917402 2.57311547047701 -0.411095012360802
-0.522984179961974 0.318822086824541 -0.221179534917402 -0.34673187190825 -0.411095012360802
-0.522984179961974 1.79314387560855 4.09451870737336 -0.34673187190825 -0.411095012360802
-0.522984179961974 0.318822086824541 -0.221179534917402 -0.34673187190825 -0.411095012360802
-0.522984179961974 -1.15549970195946 -0.221179534917402 -0.34673187190825 2.25600921417513
-0.522984179961974 0.318822086824541 -0.221179534917402 -0.34673187190825 2.25600921417513
-0.522984179961974 -1.15549970195946 -0.221179534917402 -0.34673187190825 -0.411095012360802
-0.522984179961974 1.79314387560855 -0.221179534917402 -0.34673187190825 -0.411095012360802
-0.522984179961974 0.318822086824541 -0.221179534917402 -0.34673187190825 -0.411095012360802
-0.522984179961974 1.79314387560855 -0.221179534917402 -0.34673187190825 -0.411095012360802
1.7385690306844 0.318822086824541 4.09451870737336 2.57311547047701 -0.411095012360802
-0.522984179961974 0.318822086824541 -0.221179534917402 -0.34673187190825 -0.411095012360802
-0.522984179961974 0.318822086824541 -0.221179534917402 -0.34673187190825 -0.411095012360802
-0.522984179961974 0.318822086824541 -0.221179534917402 -0.34673187190825 -0.411095012360802
-0.522984179961974 -1.15549970195946 -0.221179534917402 -0.34673187190825 -0.411095012360802
-0.522984179961974 1.79314387560855 -0.221179534917402 -0.34673187190825 -0.411095012360802
-0.522984179961974 0.318822086824541 -0.221179534917402 -0.34673187190825 -0.411095012360802
-0.522984179961974 0.318822086824541 -0.221179534917402 -0.34673187190825 -0.411095012360802
-0.522984179961974 -1.15549970195946 -0.221179534917402 -0.34673187190825 -0.411095012360802
-0.522984179961974 1.79314387560855 -0.221179534917402 -0.34673187190825 -0.411095012360802
-0.522984179961974 -1.15549970195946 -0.221179534917402 -0.34673187190825 -0.411095012360802
-0.522984179961974 0.318822086824541 -0.221179534917402 -0.34673187190825 -0.411095012360802
1.7385690306844 -1.15549970195946 -0.221179534917402 2.57311547047701 2.25600921417513
-0.522984179961974 0.318822086824541 -0.221179534917402 -0.34673187190825 -0.411095012360802
1.7385690306844 0.318822086824541 -0.221179534917402 -0.34673187190825 -0.411095012360802
1.7385690306844 0.318822086824541 -0.221179534917402 2.57311547047701 -0.411095012360802
-0.522984179961974 0.318822086824541 -0.221179534917402 -0.34673187190825 NA
1.7385690306844 -1.15549970195946 -0.221179534917402 -0.34673187190825 -0.411095012360802
-0.522984179961974 0.318822086824541 -0.221179534917402 -0.34673187190825 -0.411095012360802
1.7385690306844 0.318822086824541 -0.221179534917402 -0.34673187190825 2.25600921417513
1.7385690306844 0.318822086824541 -0.221179534917402 -0.34673187190825 -0.411095012360802
-0.522984179961974 0.318822086824541 -0.221179534917402 -0.34673187190825 -0.411095012360802
1.7385690306844 1.79314387560855 -0.221179534917402 -0.34673187190825 -0.411095012360802
-0.522984179961974 0.318822086824541 -0.221179534917402 -0.34673187190825 -0.411095012360802
1.7385690306844 -1.15549970195946 -0.221179534917402 -0.34673187190825 -0.411095012360802
-0.522984179961974 0.318822086824541 -0.221179534917402 -0.34673187190825 -0.411095012360802
-0.522984179961974 0.318822086824541 -0.221179534917402 -0.34673187190825 -0.411095012360802
-0.522984179961974 0.318822086824541 -0.221179534917402 -0.34673187190825 -0.411095012360802
-0.522984179961974 -1.15549970195946 -0.221179534917402 2.57311547047701 -0.411095012360802
1.7385690306844 -1.15549970195946 -0.221179534917402 -0.34673187190825 -0.411095012360802
-0.522984179961974 0.318822086824541 -0.221179534917402 -0.34673187190825 -0.411095012360802
-0.522984179961974 -1.15549970195946 -0.221179534917402 -0.34673187190825 -0.411095012360802
-0.522984179961974 -1.15549970195946 -0.221179534917402 -0.34673187190825 -0.411095012360802
4.00012224133077 -1.15549970195946 -0.221179534917402 2.57311547047701 2.25600921417513
-0.522984179961974 0.318822086824541 -0.221179534917402 -0.34673187190825 -0.411095012360802
-0.522984179961974 0.318822086824541 -0.221179534917402 -0.34673187190825 -0.411095012360802
-0.522984179961974 1.79314387560855 4.09451870737336 -0.34673187190825 -0.411095012360802
-0.522984179961974 0.318822086824541 -0.221179534917402 -0.34673187190825 2.25600921417513
-0.522984179961974 1.79314387560855 -0.221179534917402 -0.34673187190825 2.25600921417513
-0.522984179961974 0.318822086824541 -0.221179534917402 -0.34673187190825 2.25600921417513
-0.522984179961974 0.318822086824541 -0.221179534917402 -0.34673187190825 -0.411095012360802
-0.522984179961974 0.318822086824541 -0.221179534917402 2.57311547047701 -0.411095012360802
1.7385690306844 1.79314387560855 -0.221179534917402 -0.34673187190825 -0.411095012360802
1.7385690306844 1.79314387560855 -0.221179534917402 -0.34673187190825 -0.411095012360802
-0.522984179961974 0.318822086824541 -0.221179534917402 -0.34673187190825 2.25600921417513
-0.522984179961974 -1.15549970195946 -0.221179534917402 -0.34673187190825 2.25600921417513
-0.522984179961974 0.318822086824541 -0.221179534917402 -0.34673187190825 2.25600921417513
1.7385690306844 0.318822086824541 -0.221179534917402 -0.34673187190825 -0.411095012360802
-0.522984179961974 1.79314387560855 -0.221179534917402 -0.34673187190825 -0.411095012360802
-0.522984179961974 -1.15549970195946 -0.221179534917402 2.57311547047701 -0.411095012360802
1.7385690306844 -1.15549970195946 -0.221179534917402 -0.34673187190825 -0.411095012360802
-0.522984179961974 1.79314387560855 -0.221179534917402 -0.34673187190825 -0.411095012360802
-0.522984179961974 0.318822086824541 -0.221179534917402 -0.34673187190825 -0.411095012360802
-0.522984179961974 -1.15549970195946 -0.221179534917402 -0.34673187190825 -0.411095012360802
-0.522984179961974 0.318822086824541 -0.221179534917402 -0.34673187190825 -0.411095012360802
-0.522984179961974 0.318822086824541 -0.221179534917402 -0.34673187190825 -0.411095012360802
-0.522984179961974 0.318822086824541 -0.221179534917402 -0.34673187190825 -0.411095012360802
-0.522984179961974 -1.15549970195946 -0.221179534917402 2.57311547047701 -0.411095012360802
1.7385690306844 0.318822086824541 -0.221179534917402 -0.34673187190825 -0.411095012360802
-0.522984179961974 0.318822086824541 -0.221179534917402 -0.34673187190825 -0.411095012360802
-0.522984179961974 -1.15549970195946 -0.221179534917402 -0.34673187190825 2.25600921417513
1.7385690306844 0.318822086824541 -0.221179534917402 -0.34673187190825 -0.411095012360802
-0.522984179961974 0.318822086824541 -0.221179534917402 -0.34673187190825 -0.411095012360802
-0.522984179961974 -1.15549970195946 -0.221179534917402 -0.34673187190825 -0.411095012360802
-0.522984179961974 -1.15549970195946 4.09451870737336 -0.34673187190825 -0.411095012360802
1.7385690306844 1.79314387560855 -0.221179534917402 -0.34673187190825 -0.411095012360802
-0.522984179961974 -1.15549970195946 -0.221179534917402 -0.34673187190825 2.25600921417513
-0.522984179961974 -1.15549970195946 -0.221179534917402 -0.34673187190825 -0.411095012360802
-0.522984179961974 -1.15549970195946 -0.221179534917402 -0.34673187190825 -0.411095012360802
1.7385690306844 -1.15549970195946 -0.221179534917402 2.57311547047701 -0.411095012360802
1.7385690306844 -1.15549970195946 -0.221179534917402 -0.34673187190825 -0.411095012360802
-0.522984179961974 -1.15549970195946 -0.221179534917402 -0.34673187190825 -0.411095012360802
-0.522984179961974 0.318822086824541 -0.221179534917402 -0.34673187190825 -0.411095012360802
-0.522984179961974 0.318822086824541 -0.221179534917402 -0.34673187190825 -0.411095012360802
-0.522984179961974 1.79314387560855 -0.221179534917402 -0.34673187190825 -0.411095012360802
4.00012224133077 -1.15549970195946 -0.221179534917402 2.57311547047701 2.25600921417513
-0.522984179961974 -1.15549970195946 4.09451870737336 2.57311547047701 -0.411095012360802
-0.522984179961974 -1.15549970195946 -0.221179534917402 2.57311547047701 -0.411095012360802
-0.522984179961974 -1.15549970195946 -0.221179534917402 -0.34673187190825 -0.411095012360802
-0.522984179961974 -1.15549970195946 -0.221179534917402 2.57311547047701 -0.411095012360802
-0.522984179961974 0.318822086824541 4.09451870737336 -0.34673187190825 -0.411095012360802
-0.522984179961974 -1.15549970195946 -0.221179534917402 -0.34673187190825 -0.411095012360802
-0.522984179961974 1.79314387560855 -0.221179534917402 -0.34673187190825 -0.411095012360802
-0.522984179961974 1.79314387560855 -0.221179534917402 -0.34673187190825 -0.411095012360802
-0.522984179961974 1.79314387560855 -0.221179534917402 2.57311547047701 -0.411095012360802
-0.522984179961974 -1.15549970195946 -0.221179534917402 -0.34673187190825 -0.411095012360802
-0.522984179961974 0.318822086824541 -0.221179534917402 -0.34673187190825 2.25600921417513
-0.522984179961974 0.318822086824541 -0.221179534917402 -0.34673187190825 -0.411095012360802
-0.522984179961974 0.318822086824541 -0.221179534917402 -0.34673187190825 -0.411095012360802
-0.522984179961974 -1.15549970195946 -0.221179534917402 -0.34673187190825 2.25600921417513
-0.522984179961974 1.79314387560855 -0.221179534917402 -0.34673187190825 -0.411095012360802
-0.522984179961974 0.318822086824541 -0.221179534917402 2.57311547047701 -0.411095012360802
-0.522984179961974 1.79314387560855 -0.221179534917402 2.57311547047701 -0.411095012360802
-0.522984179961974 1.79314387560855 -0.221179534917402 -0.34673187190825 -0.411095012360802
-0.522984179961974 0.318822086824541 -0.221179534917402 -0.34673187190825 -0.411095012360802
-0.522984179961974 0.318822086824541 -0.221179534917402 -0.34673187190825 -0.411095012360802
1.7385690306844 0.318822086824541 -0.221179534917402 -0.34673187190825 -0.411095012360802
-0.522984179961974 0.318822086824541 -0.221179534917402 2.57311547047701 -0.411095012360802
-0.522984179961974 1.79314387560855 -0.221179534917402 -0.34673187190825 -0.411095012360802
1.7385690306844 -1.15549970195946 -0.221179534917402 -0.34673187190825 -0.411095012360802
-0.522984179961974 -1.15549970195946 -0.221179534917402 -0.34673187190825 -0.411095012360802
1.7385690306844 0.318822086824541 -0.221179534917402 -0.34673187190825 -0.411095012360802
-0.522984179961974 0.318822086824541 -0.221179534917402 -0.34673187190825 -0.411095012360802
-0.522984179961974 -1.15549970195946 -0.221179534917402 -0.34673187190825 -0.411095012360802
-0.522984179961974 0.318822086824541 -0.221179534917402 -0.34673187190825 -0.411095012360802
-0.522984179961974 1.79314387560855 -0.221179534917402 -0.34673187190825 -0.411095012360802
-0.522984179961974 0.318822086824541 -0.221179534917402 -0.34673187190825 -0.411095012360802
1.7385690306844 0.318822086824541 -0.221179534917402 -0.34673187190825 -0.411095012360802
-0.522984179961974 0.318822086824541 -0.221179534917402 -0.34673187190825 -0.411095012360802
-0.522984179961974 -1.15549970195946 -0.221179534917402 -0.34673187190825 -0.411095012360802
-0.522984179961974 0.318822086824541 -0.221179534917402 -0.34673187190825 -0.411095012360802
-0.522984179961974 1.79314387560855 -0.221179534917402 -0.34673187190825 -0.411095012360802
1.7385690306844 0.318822086824541 -0.221179534917402 -0.34673187190825 -0.411095012360802
-0.522984179961974 0.318822086824541 -0.221179534917402 -0.34673187190825 -0.411095012360802
1.7385690306844 0.318822086824541 -0.221179534917402 -0.34673187190825 -0.411095012360802
-0.522984179961974 0.318822086824541 -0.221179534917402 -0.34673187190825 -0.411095012360802
-0.522984179961974 0.318822086824541 -0.221179534917402 -0.34673187190825 -0.411095012360802
-0.522984179961974 -1.15549970195946 -0.221179534917402 -0.34673187190825 -0.411095012360802
-0.522984179961974 0.318822086824541 -0.221179534917402 -0.34673187190825 -0.411095012360802
-0.522984179961974 -1.15549970195946 -0.221179534917402 -0.34673187190825 -0.411095012360802
-0.522984179961974 1.79314387560855 -0.221179534917402 -0.34673187190825 2.25600921417513
-0.522984179961974 0.318822086824541 -0.221179534917402 -0.34673187190825 -0.411095012360802
1.7385690306844 1.79314387560855 -0.221179534917402 -0.34673187190825 -0.411095012360802
-0.522984179961974 -1.15549970195946 -0.221179534917402 -0.34673187190825 2.25600921417513
-0.522984179961974 0.318822086824541 -0.221179534917402 2.57311547047701 -0.411095012360802
1.7385690306844 0.318822086824541 -0.221179534917402 -0.34673187190825 -0.411095012360802
-0.522984179961974 0.318822086824541 -0.221179534917402 -0.34673187190825 -0.411095012360802
-0.522984179961974 0.318822086824541 -0.221179534917402 -0.34673187190825 -0.411095012360802
1.7385690306844 0.318822086824541 -0.221179534917402 -0.34673187190825 -0.411095012360802
-0.522984179961974 0.318822086824541 4.09451870737336 -0.34673187190825 2.25600921417513
-0.522984179961974 -1.15549970195946 -0.221179534917402 2.57311547047701 -0.411095012360802
-0.522984179961974 0.318822086824541 -0.221179534917402 2.57311547047701 -0.411095012360802
-0.522984179961974 1.79314387560855 -0.221179534917402 -0.34673187190825 -0.411095012360802
1.7385690306844 -1.15549970195946 -0.221179534917402 -0.34673187190825 -0.411095012360802
1.7385690306844 0.318822086824541 -0.221179534917402 -0.34673187190825 2.25600921417513
-0.522984179961974 -1.15549970195946 -0.221179534917402 -0.34673187190825 -0.411095012360802
-0.522984179961974 0.318822086824541 -0.221179534917402 -0.34673187190825 -0.411095012360802
-0.522984179961974 0.318822086824541 -0.221179534917402 2.57311547047701 -0.411095012360802
-0.522984179961974 0.318822086824541 -0.221179534917402 -0.34673187190825 2.25600921417513
-0.522984179961974 -1.15549970195946 -0.221179534917402 2.57311547047701 2.25600921417513
1.7385690306844 0.318822086824541 -0.221179534917402 -0.34673187190825 -0.411095012360802
1.7385690306844 -1.15549970195946 -0.221179534917402 -0.34673187190825 -0.411095012360802
1.7385690306844 0.318822086824541 -0.221179534917402 2.57311547047701 -0.411095012360802
-0.522984179961974 0.318822086824541 -0.221179534917402 -0.34673187190825 -0.411095012360802
-0.522984179961974 -1.15549970195946 -0.221179534917402 -0.34673187190825 2.25600921417513
-0.522984179961974 0.318822086824541 -0.221179534917402 -0.34673187190825 2.25600921417513
-0.522984179961974 0.318822086824541 -0.221179534917402 -0.34673187190825 2.25600921417513
-0.522984179961974 -1.15549970195946 -0.221179534917402 -0.34673187190825 2.25600921417513
-0.522984179961974 0.318822086824541 -0.221179534917402 -0.34673187190825 -0.411095012360802
-0.522984179961974 0.318822086824541 -0.221179534917402 2.57311547047701 -0.411095012360802
-0.522984179961974 -1.15549970195946 -0.221179534917402 -0.34673187190825 -0.411095012360802
1.7385690306844 0.318822086824541 -0.221179534917402 -0.34673187190825 -0.411095012360802
-0.522984179961974 0.318822086824541 -0.221179534917402 -0.34673187190825 2.25600921417513
-0.522984179961974 1.79314387560855 4.09451870737336 -0.34673187190825 -0.411095012360802
1.7385690306844 0.318822086824541 -0.221179534917402 -0.34673187190825 2.25600921417513
-0.522984179961974 -1.15549970195946 -0.221179534917402 -0.34673187190825 2.25600921417513
-0.522984179961974 0.318822086824541 -0.221179534917402 -0.34673187190825 2.25600921417513
-0.522984179961974 0.318822086824541 -0.221179534917402 -0.34673187190825 2.25600921417513
-0.522984179961974 0.318822086824541 -0.221179534917402 -0.34673187190825 -0.411095012360802
1.7385690306844 -1.15549970195946 -0.221179534917402 2.57311547047701 2.25600921417513
-0.522984179961974 -1.15549970195946 -0.221179534917402 -0.34673187190825 -0.411095012360802
1.7385690306844 0.318822086824541 -0.221179534917402 -0.34673187190825 -0.411095012360802
1.7385690306844 0.318822086824541 -0.221179534917402 -0.34673187190825 -0.411095012360802
-0.522984179961974 -1.15549970195946 -0.221179534917402 -0.34673187190825 -0.411095012360802
-0.522984179961974 1.79314387560855 -0.221179534917402 -0.34673187190825 -0.411095012360802
-0.522984179961974 -1.15549970195946 -0.221179534917402 -0.34673187190825 2.25600921417513
-0.522984179961974 -1.15549970195946 -0.221179534917402 2.57311547047701 -0.411095012360802
1.7385690306844 0.318822086824541 4.09451870737336 2.57311547047701 -0.411095012360802
-0.522984179961974 -1.15549970195946 -0.221179534917402 -0.34673187190825 -0.411095012360802
-0.522984179961974 -1.15549970195946 -0.221179534917402 2.57311547047701 -0.411095012360802
-0.522984179961974 1.79314387560855 -0.221179534917402 -0.34673187190825 -0.411095012360802
-0.522984179961974 -1.15549970195946 -0.221179534917402 -0.34673187190825 -0.411095012360802
-0.522984179961974 0.318822086824541 -0.221179534917402 -0.34673187190825 -0.411095012360802
1.7385690306844 0.318822086824541 -0.221179534917402 -0.34673187190825 -0.411095012360802
-0.522984179961974 0.318822086824541 -0.221179534917402 -0.34673187190825 2.25600921417513
-0.522984179961974 -1.15549970195946 -0.221179534917402 -0.34673187190825 -0.411095012360802
-0.522984179961974 0.318822086824541 -0.221179534917402 -0.34673187190825 -0.411095012360802
-0.522984179961974 -1.15549970195946 -0.221179534917402 -0.34673187190825 -0.411095012360802
1.7385690306844 -1.15549970195946 -0.221179534917402 5.49296281286227 -0.411095012360802
1.7385690306844 0.318822086824541 -0.221179534917402 -0.34673187190825 -0.411095012360802
1.7385690306844 1.79314387560855 -0.221179534917402 -0.34673187190825 -0.411095012360802
-0.522984179961974 0.318822086824541 -0.221179534917402 -0.34673187190825 2.25600921417513
1.7385690306844 0.318822086824541 -0.221179534917402 -0.34673187190825 -0.411095012360802
-0.522984179961974 -1.15549970195946 -0.221179534917402 -0.34673187190825 -0.411095012360802
-0.522984179961974 -1.15549970195946 -0.221179534917402 -0.34673187190825 -0.411095012360802
-0.522984179961974 0.318822086824541 -0.221179534917402 -0.34673187190825 -0.411095012360802
1.7385690306844 0.318822086824541 -0.221179534917402 2.57311547047701 -0.411095012360802
-0.522984179961974 -1.15549970195946 -0.221179534917402 -0.34673187190825 -0.411095012360802
-0.522984179961974 1.79314387560855 -0.221179534917402 -0.34673187190825 -0.411095012360802
-0.522984179961974 -1.15549970195946 -0.221179534917402 -0.34673187190825 -0.411095012360802
-0.522984179961974 0.318822086824541 -0.221179534917402 -0.34673187190825 -0.411095012360802
-0.522984179961974 0.318822086824541 -0.221179534917402 -0.34673187190825 2.25600921417513
-0.522984179961974 -1.15549970195946 -0.221179534917402 -0.34673187190825 -0.411095012360802
-0.522984179961974 -1.15549970195946 -0.221179534917402 -0.34673187190825 2.25600921417513
1.7385690306844 -1.15549970195946 -0.221179534917402 -0.34673187190825 -0.411095012360802
-0.522984179961974 -1.15549970195946 -0.221179534917402 -0.34673187190825 2.25600921417513
-0.522984179961974 0.318822086824541 -0.221179534917402 2.57311547047701 -0.411095012360802
1.7385690306844 0.318822086824541 -0.221179534917402 -0.34673187190825 -0.411095012360802
-0.522984179961974 0.318822086824541 -0.221179534917402 -0.34673187190825 2.25600921417513
1.7385690306844 0.318822086824541 -0.221179534917402 -0.34673187190825 -0.411095012360802
-0.522984179961974 -1.15549970195946 -0.221179534917402 -0.34673187190825 -0.411095012360802
-0.522984179961974 1.79314387560855 -0.221179534917402 -0.34673187190825 -0.411095012360802
-0.522984179961974 -1.15549970195946 -0.221179534917402 -0.34673187190825 -0.411095012360802
1.7385690306844 0.318822086824541 -0.221179534917402 -0.34673187190825 2.25600921417513
1.7385690306844 -1.15549970195946 -0.221179534917402 -0.34673187190825 -0.411095012360802
1.7385690306844 0.318822086824541 -0.221179534917402 2.57311547047701 -0.411095012360802
-0.522984179961974 0.318822086824541 -0.221179534917402 -0.34673187190825 -0.411095012360802
-0.522984179961974 -1.15549970195946 -0.221179534917402 2.57311547047701 -0.411095012360802
1.7385690306844 -1.15549970195946 -0.221179534917402 2.57311547047701 -0.411095012360802
1.7385690306844 0.318822086824541 -0.221179534917402 -0.34673187190825 -0.411095012360802
1.7385690306844 0.318822086824541 -0.221179534917402 -0.34673187190825 -0.411095012360802
-0.522984179961974 0.318822086824541 -0.221179534917402 -0.34673187190825 -0.411095012360802
-0.522984179961974 -1.15549970195946 -0.221179534917402 -0.34673187190825 -0.411095012360802
1.7385690306844 1.79314387560855 -0.221179534917402 -0.34673187190825 -0.411095012360802
-0.522984179961974 0.318822086824541 -0.221179534917402 2.57311547047701 -0.411095012360802
1.7385690306844 0.318822086824541 -0.221179534917402 -0.34673187190825 -0.411095012360802
1.7385690306844 0.318822086824541 -0.221179534917402 -0.34673187190825 -0.411095012360802
-0.522984179961974 0.318822086824541 -0.221179534917402 -0.34673187190825 -0.411095012360802
-0.522984179961974 0.318822086824541 -0.221179534917402 -0.34673187190825 -0.411095012360802
-0.522984179961974 0.318822086824541 -0.221179534917402 2.57311547047701 -0.411095012360802
-0.522984179961974 0.318822086824541 -0.221179534917402 -0.34673187190825 -0.411095012360802
1.7385690306844 -1.15549970195946 -0.221179534917402 -0.34673187190825 -0.411095012360802
-0.522984179961974 1.79314387560855 -0.221179534917402 -0.34673187190825 NA
-0.522984179961974 1.79314387560855 -0.221179534917402 -0.34673187190825 -0.411095012360802
-0.522984179961974 -1.15549970195946 -0.221179534917402 -0.34673187190825 4.92311344071107
1.7385690306844 -1.15549970195946 -0.221179534917402 -0.34673187190825 -0.411095012360802
1.7385690306844 0.318822086824541 -0.221179534917402 2.57311547047701 -0.411095012360802
1.7385690306844 0.318822086824541 -0.221179534917402 -0.34673187190825 -0.411095012360802
-0.522984179961974 0.318822086824541 -0.221179534917402 -0.34673187190825 -0.411095012360802
-0.522984179961974 1.79314387560855 -0.221179534917402 2.57311547047701 -0.411095012360802
-0.522984179961974 -1.15549970195946 -0.221179534917402 -0.34673187190825 2.25600921417513
-0.522984179961974 -1.15549970195946 -0.221179534917402 -0.34673187190825 -0.411095012360802
1.7385690306844 -1.15549970195946 -0.221179534917402 -0.34673187190825 -0.411095012360802
-0.522984179961974 0.318822086824541 -0.221179534917402 -0.34673187190825 -0.411095012360802
-0.522984179961974 0.318822086824541 -0.221179534917402 -0.34673187190825 2.25600921417513
-0.522984179961974 0.318822086824541 -0.221179534917402 -0.34673187190825 -0.411095012360802
1.7385690306844 1.79314387560855 -0.221179534917402 -0.34673187190825 2.25600921417513
-0.522984179961974 0.318822086824541 -0.221179534917402 -0.34673187190825 4.92311344071107
-0.522984179961974 0.318822086824541 -0.221179534917402 -0.34673187190825 -0.411095012360802
-0.522984179961974 -1.15549970195946 -0.221179534917402 -0.34673187190825 -0.411095012360802
1.7385690306844 0.318822086824541 -0.221179534917402 -0.34673187190825 -0.411095012360802
-0.522984179961974 -1.15549970195946 -0.221179534917402 -0.34673187190825 -0.411095012360802
-0.522984179961974 -1.15549970195946 -0.221179534917402 -0.34673187190825 -0.411095012360802
-0.522984179961974 1.79314387560855 -0.221179534917402 -0.34673187190825 -0.411095012360802
1.7385690306844 1.79314387560855 -0.221179534917402 -0.34673187190825 2.25600921417513
1.7385690306844 0.318822086824541 -0.221179534917402 2.57311547047701 -0.411095012360802
-0.522984179961974 -1.15549970195946 -0.221179534917402 -0.34673187190825 -0.411095012360802
-0.522984179961974 1.79314387560855 -0.221179534917402 -0.34673187190825 -0.411095012360802
-0.522984179961974 0.318822086824541 -0.221179534917402 -0.34673187190825 -0.411095012360802
-0.522984179961974 -1.15549970195946 -0.221179534917402 2.57311547047701 -0.411095012360802
-0.522984179961974 -1.15549970195946 -0.221179534917402 -0.34673187190825 2.25600921417513
-0.522984179961974 -1.15549970195946 -0.221179534917402 -0.34673187190825 -0.411095012360802
-0.522984179961974 -1.15549970195946 -0.221179534917402 -0.34673187190825 2.25600921417513
-0.522984179961974 -1.15549970195946 -0.221179534917402 -0.34673187190825 -0.411095012360802
-0.522984179961974 0.318822086824541 -0.221179534917402 -0.34673187190825 -0.411095012360802
-0.522984179961974 -1.15549970195946 -0.221179534917402 -0.34673187190825 2.25600921417513
-0.522984179961974 0.318822086824541 -0.221179534917402 -0.34673187190825 -0.411095012360802
-0.522984179961974 0.318822086824541 -0.221179534917402 -0.34673187190825 -0.411095012360802
-0.522984179961974 -1.15549970195946 -0.221179534917402 -0.34673187190825 2.25600921417513
-0.522984179961974 -1.15549970195946 -0.221179534917402 -0.34673187190825 -0.411095012360802
-0.522984179961974 -1.15549970195946 -0.221179534917402 -0.34673187190825 -0.411095012360802
-0.522984179961974 0.318822086824541 -0.221179534917402 -0.34673187190825 -0.411095012360802
-0.522984179961974 0.318822086824541 4.09451870737336 -0.34673187190825 -0.411095012360802
-0.522984179961974 0.318822086824541 -0.221179534917402 -0.34673187190825 -0.411095012360802
-0.522984179961974 1.79314387560855 -0.221179534917402 -0.34673187190825 -0.411095012360802
-0.522984179961974 -1.15549970195946 -0.221179534917402 -0.34673187190825 2.25600921417513
-0.522984179961974 -1.15549970195946 -0.221179534917402 -0.34673187190825 -0.411095012360802
-0.522984179961974 0.318822086824541 -0.221179534917402 -0.34673187190825 -0.411095012360802
-0.522984179961974 0.318822086824541 -0.221179534917402 -0.34673187190825 -0.411095012360802
-0.522984179961974 -1.15549970195946 8.41021694966413 -0.34673187190825 -0.411095012360802
-0.522984179961974 1.79314387560855 -0.221179534917402 2.57311547047701 -0.411095012360802
-0.522984179961974 0.318822086824541 -0.221179534917402 -0.34673187190825 -0.411095012360802
-0.522984179961974 0.318822086824541 -0.221179534917402 -0.34673187190825 -0.411095012360802
-0.522984179961974 -1.15549970195946 -0.221179534917402 -0.34673187190825 -0.411095012360802
-0.522984179961974 0.318822086824541 -0.221179534917402 -0.34673187190825 -0.411095012360802
-0.522984179961974 0.318822086824541 -0.221179534917402 -0.34673187190825 -0.411095012360802
-0.522984179961974 0.318822086824541 -0.221179534917402 -0.34673187190825 -0.411095012360802
-0.522984179961974 0.318822086824541 -0.221179534917402 -0.34673187190825 -0.411095012360802
-0.522984179961974 0.318822086824541 -0.221179534917402 -0.34673187190825 -0.411095012360802
-0.522984179961974 1.79314387560855 -0.221179534917402 -0.34673187190825 -0.411095012360802
-0.522984179961974 1.79314387560855 -0.221179534917402 -0.34673187190825 2.25600921417513
1.7385690306844 0.318822086824541 -0.221179534917402 -0.34673187190825 -0.411095012360802
-0.522984179961974 1.79314387560855 4.09451870737336 -0.34673187190825 -0.411095012360802
-0.522984179961974 -1.15549970195946 4.09451870737336 2.57311547047701 -0.411095012360802
-0.522984179961974 1.79314387560855 -0.221179534917402 -0.34673187190825 -0.411095012360802
-0.522984179961974 -1.15549970195946 -0.221179534917402 -0.34673187190825 -0.411095012360802
-0.522984179961974 -1.15549970195946 -0.221179534917402 -0.34673187190825 4.92311344071107
-0.522984179961974 -1.15549970195946 -0.221179534917402 2.57311547047701 -0.411095012360802
1.7385690306844 0.318822086824541 -0.221179534917402 -0.34673187190825 -0.411095012360802
1.7385690306844 0.318822086824541 -0.221179534917402 -0.34673187190825 -0.411095012360802
-0.522984179961974 -1.15549970195946 -0.221179534917402 -0.34673187190825 -0.411095012360802
-0.522984179961974 -1.15549970195946 -0.221179534917402 -0.34673187190825 -0.411095012360802
-0.522984179961974 -1.15549970195946 -0.221179534917402 -0.34673187190825 -0.411095012360802
-0.522984179961974 0.318822086824541 -0.221179534917402 -0.34673187190825 -0.411095012360802
-0.522984179961974 0.318822086824541 -0.221179534917402 -0.34673187190825 -0.411095012360802
-0.522984179961974 -1.15549970195946 -0.221179534917402 -0.34673187190825 2.25600921417513
-0.522984179961974 0.318822086824541 -0.221179534917402 -0.34673187190825 2.25600921417513
-0.522984179961974 1.79314387560855 -0.221179534917402 2.57311547047701 -0.411095012360802
-0.522984179961974 -1.15549970195946 -0.221179534917402 -0.34673187190825 -0.411095012360802
-0.522984179961974 0.318822086824541 4.09451870737336 -0.34673187190825 2.25600921417513
-0.522984179961974 -1.15549970195946 -0.221179534917402 -0.34673187190825 2.25600921417513
-0.522984179961974 0.318822086824541 -0.221179534917402 -0.34673187190825 -0.411095012360802
-0.522984179961974 0.318822086824541 -0.221179534917402 -0.34673187190825 -0.411095012360802
-0.522984179961974 0.318822086824541 -0.221179534917402 -0.34673187190825 -0.411095012360802
1.7385690306844 0.318822086824541 -0.221179534917402 -0.34673187190825 -0.411095012360802
1.7385690306844 0.318822086824541 -0.221179534917402 -0.34673187190825 -0.411095012360802
-0.522984179961974 0.318822086824541 -0.221179534917402 2.57311547047701 -0.411095012360802
-0.522984179961974 0.318822086824541 -0.221179534917402 -0.34673187190825 -0.411095012360802
-0.522984179961974 0.318822086824541 -0.221179534917402 -0.34673187190825 2.25600921417513
-0.522984179961974 0.318822086824541 -0.221179534917402 -0.34673187190825 -0.411095012360802
1.7385690306844 0.318822086824541 -0.221179534917402 -0.34673187190825 -0.411095012360802
-0.522984179961974 -1.15549970195946 -0.221179534917402 -0.34673187190825 -0.411095012360802
1.7385690306844 0.318822086824541 -0.221179534917402 -0.34673187190825 -0.411095012360802
-0.522984179961974 0.318822086824541 -0.221179534917402 2.57311547047701 -0.411095012360802
-0.522984179961974 -1.15549970195946 -0.221179534917402 -0.34673187190825 -0.411095012360802
-0.522984179961974 -1.15549970195946 -0.221179534917402 -0.34673187190825 -0.411095012360802
-0.522984179961974 0.318822086824541 -0.221179534917402 -0.34673187190825 2.25600921417513
1.7385690306844 1.79314387560855 -0.221179534917402 -0.34673187190825 -0.411095012360802
4.00012224133077 1.79314387560855 -0.221179534917402 -0.34673187190825 2.25600921417513
-0.522984179961974 -1.15549970195946 -0.221179534917402 -0.34673187190825 -0.411095012360802
-0.522984179961974 0.318822086824541 -0.221179534917402 -0.34673187190825 -0.411095012360802
-0.522984179961974 0.318822086824541 -0.221179534917402 -0.34673187190825 -0.411095012360802
-0.522984179961974 1.79314387560855 -0.221179534917402 -0.34673187190825 -0.411095012360802
-0.522984179961974 0.318822086824541 -0.221179534917402 -0.34673187190825 -0.411095012360802
-0.522984179961974 1.79314387560855 -0.221179534917402 2.57311547047701 -0.411095012360802
1.7385690306844 -1.15549970195946 -0.221179534917402 -0.34673187190825 -0.411095012360802
-0.522984179961974 -1.15549970195946 -0.221179534917402 2.57311547047701 -0.411095012360802
-0.522984179961974 -1.15549970195946 -0.221179534917402 -0.34673187190825 -0.411095012360802
1.7385690306844 -1.15549970195946 -0.221179534917402 -0.34673187190825 -0.411095012360802
-0.522984179961974 -1.15549970195946 4.09451870737336 -0.34673187190825 -0.411095012360802
-0.522984179961974 -1.15549970195946 -0.221179534917402 2.57311547047701 -0.411095012360802
-0.522984179961974 -1.15549970195946 -0.221179534917402 2.57311547047701 -0.411095012360802
-0.522984179961974 1.79314387560855 -0.221179534917402 -0.34673187190825 -0.411095012360802
1.7385690306844 0.318822086824541 -0.221179534917402 -0.34673187190825 -0.411095012360802
-0.522984179961974 -1.15549970195946 -0.221179534917402 -0.34673187190825 -0.411095012360802
-0.522984179961974 1.79314387560855 -0.221179534917402 2.57311547047701 -0.411095012360802
-0.522984179961974 0.318822086824541 -0.221179534917402 -0.34673187190825 -0.411095012360802
-0.522984179961974 -1.15549970195946 -0.221179534917402 -0.34673187190825 2.25600921417513
-0.522984179961974 0.318822086824541 -0.221179534917402 -0.34673187190825 -0.411095012360802
1.7385690306844 -1.15549970195946 -0.221179534917402 -0.34673187190825 -0.411095012360802
-0.522984179961974 0.318822086824541 -0.221179534917402 -0.34673187190825 -0.411095012360802
-0.522984179961974 0.318822086824541 4.09451870737336 -0.34673187190825 -0.411095012360802
-0.522984179961974 0.318822086824541 -0.221179534917402 2.57311547047701 -0.411095012360802
-0.522984179961974 0.318822086824541 8.41021694966413 -0.34673187190825 2.25600921417513
-0.522984179961974 1.79314387560855 -0.221179534917402 -0.34673187190825 -0.411095012360802
-0.522984179961974 -1.15549970195946 -0.221179534917402 -0.34673187190825 -0.411095012360802
-0.522984179961974 -1.15549970195946 -0.221179534917402 -0.34673187190825 -0.411095012360802
-0.522984179961974 -1.15549970195946 -0.221179534917402 -0.34673187190825 -0.411095012360802
1.7385690306844 0.318822086824541 4.09451870737336 -0.34673187190825 -0.411095012360802
1.7385690306844 0.318822086824541 -0.221179534917402 -0.34673187190825 -0.411095012360802
-0.522984179961974 0.318822086824541 -0.221179534917402 -0.34673187190825 2.25600921417513
-0.522984179961974 0.318822086824541 -0.221179534917402 -0.34673187190825 -0.411095012360802
-0.522984179961974 -1.15549970195946 -0.221179534917402 -0.34673187190825 -0.411095012360802
-0.522984179961974 -1.15549970195946 -0.221179534917402 -0.34673187190825 -0.411095012360802
-0.522984179961974 0.318822086824541 -0.221179534917402 -0.34673187190825 -0.411095012360802
-0.522984179961974 -1.15549970195946 -0.221179534917402 -0.34673187190825 -0.411095012360802
-0.522984179961974 -1.15549970195946 -0.221179534917402 -0.34673187190825 -0.411095012360802
-0.522984179961974 0.318822086824541 -0.221179534917402 -0.34673187190825 2.25600921417513
-0.522984179961974 0.318822086824541 -0.221179534917402 -0.34673187190825 -0.411095012360802
-0.522984179961974 0.318822086824541 -0.221179534917402 -0.34673187190825 2.25600921417513
1.7385690306844 0.318822086824541 -0.221179534917402 -0.34673187190825 -0.411095012360802
-0.522984179961974 -1.15549970195946 -0.221179534917402 -0.34673187190825 -0.411095012360802
-0.522984179961974 0.318822086824541 -0.221179534917402 -0.34673187190825 -0.411095012360802
-0.522984179961974 -1.15549970195946 -0.221179534917402 -0.34673187190825 -0.411095012360802
-0.522984179961974 0.318822086824541 -0.221179534917402 -0.34673187190825 2.25600921417513
-0.522984179961974 -1.15549970195946 -0.221179534917402 -0.34673187190825 -0.411095012360802
-0.522984179961974 0.318822086824541 -0.221179534917402 -0.34673187190825 -0.411095012360802
-0.522984179961974 -1.15549970195946 -0.221179534917402 -0.34673187190825 2.25600921417513
-0.522984179961974 1.79314387560855 -0.221179534917402 -0.34673187190825 -0.411095012360802
-0.522984179961974 -1.15549970195946 -0.221179534917402 -0.34673187190825 -0.411095012360802
-0.522984179961974 0.318822086824541 -0.221179534917402 -0.34673187190825 -0.411095012360802
-0.522984179961974 0.318822086824541 -0.221179534917402 2.57311547047701 2.25600921417513
-0.522984179961974 0.318822086824541 -0.221179534917402 -0.34673187190825 -0.411095012360802
-0.522984179961974 0.318822086824541 -0.221179534917402 -0.34673187190825 -0.411095012360802
1.7385690306844 1.79314387560855 4.09451870737336 -0.34673187190825 -0.411095012360802
-0.522984179961974 1.79314387560855 -0.221179534917402 -0.34673187190825 -0.411095012360802
1.7385690306844 -1.15549970195946 -0.221179534917402 -0.34673187190825 -0.411095012360802
-0.522984179961974 -1.15549970195946 -0.221179534917402 2.57311547047701 -0.411095012360802
1.7385690306844 0.318822086824541 -0.221179534917402 -0.34673187190825 -0.411095012360802
-0.522984179961974 0.318822086824541 -0.221179534917402 -0.34673187190825 -0.411095012360802
-0.522984179961974 -1.15549970195946 -0.221179534917402 -0.34673187190825 -0.411095012360802
-0.522984179961974 0.318822086824541 -0.221179534917402 -0.34673187190825 -0.411095012360802
-0.522984179961974 0.318822086824541 -0.221179534917402 2.57311547047701 -0.411095012360802
-0.522984179961974 1.79314387560855 -0.221179534917402 -0.34673187190825 -0.411095012360802
-0.522984179961974 1.79314387560855 -0.221179534917402 -0.34673187190825 -0.411095012360802
1.7385690306844 0.318822086824541 -0.221179534917402 -0.34673187190825 -0.411095012360802
1.7385690306844 -1.15549970195946 -0.221179534917402 -0.34673187190825 -0.411095012360802
-0.522984179961974 0.318822086824541 -0.221179534917402 2.57311547047701 -0.411095012360802
-0.522984179961974 -1.15549970195946 -0.221179534917402 -0.34673187190825 -0.411095012360802
-0.522984179961974 0.318822086824541 -0.221179534917402 -0.34673187190825 -0.411095012360802
1.7385690306844 -1.15549970195946 -0.221179534917402 -0.34673187190825 -0.411095012360802
-0.522984179961974 -1.15549970195946 -0.221179534917402 -0.34673187190825 -0.411095012360802
-0.522984179961974 0.318822086824541 -0.221179534917402 -0.34673187190825 -0.411095012360802
-0.522984179961974 -1.15549970195946 -0.221179534917402 -0.34673187190825 -0.411095012360802
-0.522984179961974 0.318822086824541 -0.221179534917402 -0.34673187190825 -0.411095012360802
-0.522984179961974 0.318822086824541 -0.221179534917402 -0.34673187190825 -0.411095012360802
-0.522984179961974 1.79314387560855 -0.221179534917402 -0.34673187190825 -0.411095012360802
4.00012224133077 0.318822086824541 -0.221179534917402 -0.34673187190825 -0.411095012360802
-0.522984179961974 0.318822086824541 -0.221179534917402 2.57311547047701 -0.411095012360802
-0.522984179961974 0.318822086824541 -0.221179534917402 -0.34673187190825 -0.411095012360802
-0.522984179961974 -1.15549970195946 -0.221179534917402 -0.34673187190825 -0.411095012360802
1.7385690306844 1.79314387560855 -0.221179534917402 -0.34673187190825 -0.411095012360802
-0.522984179961974 0.318822086824541 -0.221179534917402 -0.34673187190825 -0.411095012360802
-0.522984179961974 0.318822086824541 -0.221179534917402 -0.34673187190825 -0.411095012360802
1.7385690306844 0.318822086824541 -0.221179534917402 -0.34673187190825 -0.411095012360802
1.7385690306844 -1.15549970195946 -0.221179534917402 -0.34673187190825 -0.411095012360802
-0.522984179961974 0.318822086824541 -0.221179534917402 -0.34673187190825 -0.411095012360802
-0.522984179961974 0.318822086824541 -0.221179534917402 -0.34673187190825 -0.411095012360802
1.7385690306844 1.79314387560855 -0.221179534917402 2.57311547047701 -0.411095012360802
-0.522984179961974 -1.15549970195946 -0.221179534917402 -0.34673187190825 2.25600921417513
-0.522984179961974 0.318822086824541 -0.221179534917402 -0.34673187190825 -0.411095012360802
-0.522984179961974 -1.15549970195946 -0.221179534917402 5.49296281286227 -0.411095012360802
-0.522984179961974 1.79314387560855 -0.221179534917402 -0.34673187190825 -0.411095012360802
-0.522984179961974 0.318822086824541 -0.221179534917402 -0.34673187190825 -0.411095012360802
-0.522984179961974 0.318822086824541 -0.221179534917402 -0.34673187190825 2.25600921417513
-0.522984179961974 1.79314387560855 -0.221179534917402 -0.34673187190825 -0.411095012360802
1.7385690306844 0.318822086824541 -0.221179534917402 -0.34673187190825 -0.411095012360802
-0.522984179961974 -1.15549970195946 -0.221179534917402 -0.34673187190825 -0.411095012360802
-0.522984179961974 0.318822086824541 -0.221179534917402 -0.34673187190825 -0.411095012360802
1.7385690306844 0.318822086824541 -0.221179534917402 2.57311547047701 -0.411095012360802
-0.522984179961974 0.318822086824541 -0.221179534917402 -0.34673187190825 2.25600921417513
-0.522984179961974 1.79314387560855 4.09451870737336 -0.34673187190825 2.25600921417513
1.7385690306844 -1.15549970195946 -0.221179534917402 -0.34673187190825 -0.411095012360802
-0.522984179961974 1.79314387560855 -0.221179534917402 -0.34673187190825 -0.411095012360802
-0.522984179961974 0.318822086824541 -0.221179534917402 -0.34673187190825 -0.411095012360802
1.7385690306844 0.318822086824541 -0.221179534917402 -0.34673187190825 -0.411095012360802
-0.522984179961974 -1.15549970195946 -0.221179534917402 -0.34673187190825 -0.411095012360802
-0.522984179961974 0.318822086824541 -0.221179534917402 -0.34673187190825 -0.411095012360802
1.7385690306844 0.318822086824541 -0.221179534917402 -0.34673187190825 -0.411095012360802
1.7385690306844 0.318822086824541 -0.221179534917402 -0.34673187190825 -0.411095012360802
-0.522984179961974 1.79314387560855 -0.221179534917402 -0.34673187190825 -0.411095012360802
1.7385690306844 1.79314387560855 -0.221179534917402 -0.34673187190825 -0.411095012360802
-0.522984179961974 0.318822086824541 -0.221179534917402 -0.34673187190825 2.25600921417513
-0.522984179961974 0.318822086824541 -0.221179534917402 -0.34673187190825 -0.411095012360802
1.7385690306844 -1.15549970195946 -0.221179534917402 -0.34673187190825 -0.411095012360802
1.7385690306844 -1.15549970195946 -0.221179534917402 -0.34673187190825 -0.411095012360802
-0.522984179961974 0.318822086824541 4.09451870737336 -0.34673187190825 -0.411095012360802
-0.522984179961974 -1.15549970195946 4.09451870737336 -0.34673187190825 -0.411095012360802
-0.522984179961974 -1.15549970195946 -0.221179534917402 2.57311547047701 -0.411095012360802
