-0.462370578403135 -1.1777813969992 -0.181363066756909 -0.324815222964515 -0.360093811653976
-0.462370578403135 -1.1777813969992 -0.181363066756909 -0.324815222964515 4.78410349768854
-0.462370578403135 -1.1777813969992 -0.181363066756909 -0.324815222964515 2.21200484301728
-0.462370578403135 1.9013856539791 8.88679027108855 -0.324815222964515 4.78410349768854
-0.462370578403135 -1.1777813969992 -0.181363066756909 -0.324815222964515 -0.360093811653976
1.90876059289499 0.36180212848995 -0.181363066756909 -0.324815222964515 -0.360093811653976
-0.462370578403135 0.36180212848995 -0.181363066756909 -0.324815222964515 -0.360093811653976
-0.462370578403135 -1.1777813969992 -0.181363066756909 -0.324815222964515 -0.360093811653976
-0.462370578403135 -1.1777813969992 -0.181363066756909 2.76866309098325 -0.360093811653976
-0.462370578403135 1.9013856539791 -0.181363066756909 -0.324815222964515 -0.360093811653976
-0.462370578403135 0.36180212848995 -0.181363066756909 -0.324815222964515 -0.360093811653976
-0.462370578403135 1.9013856539791 -0.181363066756909 -0.324815222964515 -0.360093811653976
1.90876059289499 0.36180212848995 -0.181363066756909 -0.324815222964515 -0.360093811653976
-0.462370578403135 0.36180212848995 -0.181363066756909 -0.324815222964515 -0.360093811653976
-0.462370578403135 0.36180212848995 -0.181363066756909 -0.324815222964515 2.21200484301728
1.90876059289499 0.36180212848995 -0.181363066756909 -0.324815222964515 2.21200484301728
-0.462370578403135 0.36180212848995 -0.181363066756909 -0.324815222964515 4.78410349768854
-0.462370578403135 0.36180212848995 -0.181363066756909 -0.324815222964515 -0.360093811653976
-0.462370578403135 -1.1777813969992 -0.181363066756909 -0.324815222964515 -0.360093811653976
-0.462370578403135 1.9013856539791 -0.181363066756909 -0.324815222964515 -0.360093811653976
-0.462370578403135 -1.1777813969992 -0.181363066756909 -0.324815222964515 -0.360093811653976
-0.462370578403135 0.36180212848995 4.35271360216582 -0.324815222964515 2.21200484301728
1.90876059289499 0.36180212848995 -0.181363066756909 -0.324815222964515 2.21200484301728
-0.462370578403135 -1.1777813969992 -0.181363066756909 -0.324815222964515 -0.360093811653976
-0.462370578403135 0.36180212848995 -0.181363066756909 2.76866309098325 -0.360093811653976
-0.462370578403135 0.36180212848995 -0.181363066756909 -0.324815222964515 -0.360093811653976
1.90876059289499 1.9013856539791 -0.181363066756909 -0.324815222964515 -0.360093811653976
1.90876059289499 0.36180212848995 -0.181363066756909 -0.324815222964515 -0.360093811653976
-0.462370578403135 1.9013856539791 -0.181363066756909 -0.324815222964515 -0.360093811653976
1.90876059289499 0.36180212848995 -0.181363066756909 2.76866309098325 -0.360093811653976
-0.462370578403135 0.36180212848995 -0.181363066756909 2.76866309098325 -0.360093811653976
-0.462370578403135 0.36180212848995 -0.181363066756909 -0.324815222964515 -0.360093811653976
-0.462370578403135 -1.1777813969992 -0.181363066756909 -0.324815222964515 -0.360093811653976
-0.462370578403135 -1.1777813969992 -0.181363066756909 -0.324815222964515 -0.360093811653976
-0.462370578403135 -1.1777813969992 -0.181363066756909 -0.324815222964515 -0.360093811653976
-0.462370578403135 -1.1777813969992 -0.181363066756909 -0.324815222964515 -0.360093811653976
-0.462370578403135 0.36180212848995 -0.181363066756909 -0.324815222964515 -0.360093811653976
-0.462370578403135 0.36180212848995 -0.181363066756909 -0.324815222964515 -0.360093811653976
1.90876059289499 0.36180212848995 -0.181363066756909 -0.324815222964515 -0.360093811653976
-0.462370578403135 1.9013856539791 -0.181363066756909 -0.324815222964515 -0.360093811653976
-0.462370578403135 -1.1777813969992 -0.181363066756909 2.76866309098325 -0.360093811653976
4.27989176419312 0.36180212848995 -0.181363066756909 -0.324815222964515 -0.360093811653976
-0.462370578403135 0.36180212848995 -0.181363066756909 -0.324815222964515 -0.360093811653976
1.90876059289499 -1.1777813969992 -0.181363066756909 -0.324815222964515 -0.360093811653976
-0.462370578403135 -1.1777813969992 -0.181363066756909 -0.324815222964515 -0.360093811653976
-0.462370578403135 0.36180212848995 -0.181363066756909 -0.324815222964515 -0.360093811653976
-0.462370578403135 1.9013856539791 -0.181363066756909 2.76866309098325 -0.360093811653976
-0.462370578403135 0.36180212848995 -0.181363066756909 -0.324815222964515 2.21200484301728
1.90876059289499 0.36180212848995 -0.181363066756909 -0.324815222964515 -0.360093811653976
-0.462370578403135 -1.1777813969992 -0.181363066756909 -0.324815222964515 -0.360093811653976
1.90876059289499 1.9013856539791 -0.181363066756909 -0.324815222964515 -0.360093811653976
1.90876059289499 -1.1777813969992 -0.181363066756909 -0.324815222964515 -0.360093811653976
-0.462370578403135 0.36180212848995 -0.181363066756909 -0.324815222964515 -0.360093811653976
-0.462370578403135 0.36180212848995 -0.181363066756909 -0.324815222964515 -0.360093811653976
-0.462370578403135 0.36180212848995 -0.181363066756909 -0.324815222964515 -0.360093811653976
-0.462370578403135 0.36180212848995 -0.181363066756909 -0.324815222964515 -0.360093811653976
-0.462370578403135 1.9013856539791 -0.181363066756909 -0.324815222964515 2.21200484301728
-0.462370578403135 0.36180212848995 -0.181363066756909 -0.324815222964515 -0.360093811653976
-0.462370578403135 1.9013856539791 -0.181363066756909 -0.324815222964515 -0.360093811653976
1.90876059289499 0.36180212848995 -0.181363066756909 -0.324815222964515 2.21200484301728
-0.462370578403135 0.36180212848995 -0.181363066756909 -0.324815222964515 -0.360093811653976
-0.462370578403135 0.36180212848995 -0.181363066756909 -0.324815222964515 -0.360093811653976
-0.462370578403135 0.36180212848995 -0.181363066756909 -0.324815222964515 -0.360093811653976
-0.462370578403135 -1.1777813969992 -0.181363066756909 -0.324815222964515 -0.360093811653976
-0.462370578403135 1.9013856539791 -0.181363066756909 -0.324815222964515 -0.360093811653976
1.90876059289499 0.36180212848995 -0.181363066756909 -0.324815222964515 -0.360093811653976
-0.462370578403135 -1.1777813969992 -0.181363066756909 -0.324815222964515 -0.360093811653976
-0.462370578403135 -1.1777813969992 -0.181363066756909 -0.324815222964515 -0.360093811653976
-0.462370578403135 -1.1777813969992 -0.181363066756909 -0.324815222964515 -0.360093811653976
-0.462370578403135 0.36180212848995 -0.181363066756909 -0.324815222964515 -0.360093811653976
-0.462370578403135 -1.1777813969992 -0.181363066756909 -0.324815222964515 -0.360093811653976
-0.462370578403135 0.36180212848995 -0.181363066756909 2.76866309098325 -0.360093811653976
-0.462370578403135 0.36180212848995 -0.181363066756909 -0.324815222964515 2.21200484301728
-0.462370578403135 -1.1777813969992 -0.181363066756909 -0.324815222964515 -0.360093811653976
1.90876059289499 0.36180212848995 -0.181363066756909 -0.324815222964515 -0.360093811653976
-0.462370578403135 0.36180212848995 -0.181363066756909 -0.324815222964515 -0.360093811653976
-0.462370578403135 -1.1777813969992 -0.181363066756909 -0.324815222964515 -0.360093811653976
1.90876059289499 1.9013856539791 -0.181363066756909 -0.324815222964515 -0.360093811653976
1.90876059289499 1.9013856539791 -0.181363066756909 -0.324815222964515 -0.360093811653976
-0.462370578403135 0.36180212848995 -0.181363066756909 -0.324815222964515 -0.360093811653976
-0.462370578403135 -1.1777813969992 -0.181363066756909 -0.324815222964515 -0.360093811653976
-0.462370578403135 0.36180212848995 -0.181363066756909 -0.324815222964515 -0.360093811653976
-0.462370578403135 0.36180212848995 -0.181363066756909 -0.324815222964515 -0.360093811653976
1.90876059289499 -1.1777813969992 -0.181363066756909 -0.324815222964515 -0.360093811653976
-0.462370578403135 1.9013856539791 -0.181363066756909 -0.324815222964515 -0.360093811653976
-0.462370578403135 0.36180212848995 -0.181363066756909 -0.324815222964515 -0.360093811653976
-0.462370578403135 0.36180212848995 -0.181363066756909 -0.324815222964515 -0.360093811653976
-0.462370578403135 -1.1777813969992 -0.181363066756909 -0.324815222964515 2.21200484301728
1.90876059289499 -1.1777813969992 -0.181363066756909 -0.324815222964515 -0.360093811653976
-0.462370578403135 0.36180212848995 -0.181363066756909 5.86214140493102 -0.360093811653976
-0.462370578403135 0.36180212848995 -0.181363066756909 -0.324815222964515 -0.360093811653976
-0.462370578403135 0.36180212848995 -0.181363066756909 -0.324815222964515 -0.360093811653976
-0.462370578403135 0.36180212848995 -0.181363066756909 -0.324815222964515 -0.360093811653976
-0.462370578403135 0.36180212848995 -0.181363066756909 -0.324815222964515 2.21200484301728
1.90876059289499 0.36180212848995 -0.181363066756909 -0.324815222964515 -0.360093811653976
-0.462370578403135 0.36180212848995 -0.181363066756909 -0.324815222964515 -0.360093811653976
-0.462370578403135 1.9013856539791 -0.181363066756909 -0.324815222964515 -0.360093811653976
-0.462370578403135 0.36180212848995 -0.181363066756909 -0.324815222964515 -0.360093811653976
-0.462370578403135 0.36180212848995 -0.181363066756909 -0.324815222964515 -0.360093811653976
-0.462370578403135 0.36180212848995 -0.181363066756909 -0.324815222964515 -0.360093811653976
-0.462370578403135 0.36180212848995 -0.181363066756909 -0.324815222964515 -0.360093811653976
-0.462370578403135 0.36180212848995 -0.181363066756909 2.76866309098325 2.21200484301728
1.90876059289499 0.36180212848995 -0.181363066756909 -0.324815222964515 -0.360093811653976
-0.462370578403135 0.36180212848995 -0.181363066756909 -0.324815222964515 -0.360093811653976
-0.462370578403135 0.36180212848995 -0.181363066756909 -0.324815222964515 -0.360093811653976
-0.462370578403135 -1.1777813969992 -0.181363066756909 -0.324815222964515 -0.360093811653976
-0.462370578403135 -1.1777813969992 -0.181363066756909 2.76866309098325 -0.360093811653976
1.90876059289499 -1.1777813969992 -0.181363066756909 -0.324815222964515 -0.360093811653976
-0.462370578403135 -1.1777813969992 -0.181363066756909 -0.324815222964515 -0.360093811653976
-0.462370578403135 1.9013856539791 -0.181363066756909 -0.324815222964515 -0.360093811653976
-0.462370578403135 -1.1777813969992 -0.181363066756909 -0.324815222964515 -0.360093811653976
-0.462370578403135 0.36180212848995 -0.181363066756909 -0.324815222964515 -0.360093811653976
-0.462370578403135 -1.1777813969992 -0.181363066756909 -0.324815222964515 -0.360093811653976
-0.462370578403135 0.36180212848995 -0.181363066756909 -0.324815222964515 -0.360093811653976
-0.462370578403135 0.36180212848995 -0.181363066756909 -0.324815222964515 -0.360093811653976
-0.462370578403135 0.36180212848995 -0.181363066756909 2.76866309098325 -0.360093811653976
-0.462370578403135 -1.1777813969992 -0.181363066756909 -0.324815222964515 -0.360093811653976
1.90876059289499 -1.1777813969992 -0.181363066756909 -0.324815222964515 -0.360093811653976
-0.462370578403135 -1.1777813969992 -0.181363066756909 -0.324815222964515 -0.360093811653976
-0.462370578403135 -1.1777813969992 -0.181363066756909 2.76866309098325 -0.360093811653976
-0.462370578403135 1.9013856539791 -0.181363066756909 -0.324815222964515 -0.360093811653976
-0.462370578403135 0.36180212848995 -0.181363066756909 -0.324815222964515 -0.360093811653976
-0.462370578403135 -1.1777813969992 4.35271360216582 -0.324815222964515 -0.360093811653976
-0.462370578403135 -1.1777813969992 -0.181363066756909 -0.324815222964515 -0.360093811653976
4.27989176419312 -1.1777813969992 -0.181363066756909 -0.324815222964515 -0.360093811653976
-0.462370578403135 -1.1777813969992 -0.181363066756909 -0.324815222964515 -0.360093811653976
1.90876059289499 0.36180212848995 4.35271360216582 -0.324815222964515 -0.360093811653976
-0.462370578403135 0.36180212848995 -0.181363066756909 2.76866309098325 -0.360093811653976
-0.462370578403135 0.36180212848995 -0.181363066756909 -0.324815222964515 -0.360093811653976
-0.462370578403135 1.9013856539791 -0.181363066756909 -0.324815222964515 -0.360093811653976
-0.462370578403135 0.36180212848995 -0.181363066756909 -0.324815222964515 -0.360093811653976
-0.462370578403135 -1.1777813969992 -0.181363066756909 -0.324815222964515 -0.360093811653976
-0.462370578403135 -1.1777813969992 4.35271360216582 -0.324815222964515 -0.360093811653976
-0.462370578403135 -1.1777813969992 -0.181363066756909 -0.324815222964515 -0.360093811653976
-0.462370578403135 0.36180212848995 -0.181363066756909 2.76866309098325 -0.360093811653976
-0.462370578403135 0.36180212848995 -0.181363066756909 -0.324815222964515 -0.360093811653976
-0.462370578403135 0.36180212848995 4.35271360216582 -0.324815222964515 -0.360093811653976
-0.462370578403135 0.36180212848995 -0.181363066756909 -0.324815222964515 2.21200484301728
-0.462370578403135 0.36180212848995 -0.181363066756909 -0.324815222964515 -0.360093811653976
-0.462370578403135 0.36180212848995 -0.181363066756909 2.76866309098325 -0.360093811653976
-0.462370578403135 -1.1777813969992 -0.181363066756909 2.76866309098325 -0.360093811653976
-0.462370578403135 0.36180212848995 -0.181363066756909 -0.324815222964515 2.21200484301728
-0.462370578403135 1.9013856539791 -0.181363066756909 -0.324815222964515 -0.360093811653976
1.90876059289499 -1.1777813969992 4.35271360216582 2.76866309098325 2.21200484301728
-0.462370578403135 -1.1777813969992 -0.181363066756909 -0.324815222964515 -0.360093811653976
-0.462370578403135 -1.1777813969992 -0.181363066756909 -0.324815222964515 -0.360093811653976
-0.462370578403135 -1.1777813969992 -0.181363066756909 -0.324815222964515 -0.360093811653976
1.90876059289499 0.36180212848995 -0.181363066756909 -0.324815222964515 2.21200484301728
1.90876059289499 0.36180212848995 -0.181363066756909 -0.324815222964515 -0.360093811653976
-0.462370578403135 0.36180212848995 -0.181363066756909 -0.324815222964515 2.21200484301728
-0.462370578403135 0.36180212848995 -0.181363066756909 -0.324815222964515 -0.360093811653976
1.90876059289499 0.36180212848995 -0.181363066756909 -0.324815222964515 -0.360093811653976
-0.462370578403135 -1.1777813969992 -0.181363066756909 -0.324815222964515 -0.360093811653976
-0.462370578403135 1.9013856539791 -0.181363066756909 -0.324815222964515 -0.360093811653976
-0.462370578403135 -1.1777813969992 -0.181363066756909 -0.324815222964515 -0.360093811653976
1.90876059289499 -1.1777813969992 -0.181363066756909 -0.324815222964515 -0.360093811653976
-0.462370578403135 1.9013856539791 -0.181363066756909 -0.324815222964515 -0.360093811653976
-0.462370578403135 -1.1777813969992 -0.181363066756909 2.76866309098325 2.21200484301728
-0.462370578403135 -1.1777813969992 -0.181363066756909 -0.324815222964515 2.21200484301728
1.90876059289499 0.36180212848995 -0.181363066756909 -0.324815222964515 -0.360093811653976
-0.462370578403135 0.36180212848995 -0.181363066756909 -0.324815222964515 -0.360093811653976
-0.462370578403135 -1.1777813969992 -0.181363066756909 -0.324815222964515 -0.360093811653976
-0.462370578403135 0.36180212848995 -0.181363066756909 -0.324815222964515 -0.360093811653976
-0.462370578403135 0.36180212848995 -0.181363066756909 -0.324815222964515 -0.360093811653976
-0.462370578403135 -1.1777813969992 -0.181363066756909 -0.324815222964515 -0.360093811653976
-0.462370578403135 0.36180212848995 -0.181363066756909 -0.324815222964515 -0.360093811653976
-0.462370578403135 0.36180212848995 -0.181363066756909 -0.324815222964515 -0.360093811653976
-0.462370578403135 -1.1777813969992 -0.181363066756909 -0.324815222964515 -0.360093811653976
-0.462370578403135 1.9013856539791 -0.181363066756909 -0.324815222964515 -0.360093811653976
-0.462370578403135 -1.1777813969992 -0.181363066756909 -0.324815222964515 -0.360093811653976
-0.462370578403135 -1.1777813969992 -0.181363066756909 2.76866309098325 -0.360093811653976
-0.462370578403135 0.36180212848995 -0.181363066756909 -0.324815222964515 2.21200484301728
-0.462370578403135 0.36180212848995 -0.181363066756909 -0.324815222964515 -0.360093811653976
-0.462370578403135 0.36180212848995 -0.181363066756909 -0.324815222964515 2.21200484301728
1.90876059289499 0.36180212848995 -0.181363066756909 -0.324815222964515 -0.360093811653976
-0.462370578403135 0.36180212848995 -0.181363066756909 -0.324815222964515 -0.360093811653976
-0.462370578403135 0.36180212848995 -0.181363066756909 -0.324815222964515 -0.360093811653976
-0.462370578403135 0.36180212848995 -0.181363066756909 -0.324815222964515 -0.360093811653976
1.90876059289499 0.36180212848995 -0.181363066756909 -0.324815222964515 -0.360093811653976
1.90876059289499 0.36180212848995 -0.181363066756909 -0.324815222964515 -0.360093811653976
-0.462370578403135 -1.1777813969992 -0.181363066756909 -0.324815222964515 -0.360093811653976
-0.462370578403135 -1.1777813969992 -0.181363066756909 -0.324815222964515 -0.360093811653976
-0.462370578403135 -1.1777813969992 -0.181363066756909 -0.324815222964515 -0.360093811653976
-0.462370578403135 -1.1777813969992 -0.181363066756909 -0.324815222964515 -0.360093811653976
-0.462370578403135 0.36180212848995 -0.181363066756909 -0.324815222964515 -0.360093811653976
-0.462370578403135 0.36180212848995 -0.181363066756909 2.76866309098325 -0.360093811653976
-0.462370578403135 0.36180212848995 -0.181363066756909 -0.324815222964515 -0.360093811653976
-0.462370578403135 -1.1777813969992 -0.181363066756909 -0.324815222964515 -0.360093811653976
1.90876059289499 0.36180212848995 -0.181363066756909 -0.324815222964515 -0.360093811653976
-0.462370578403135 -1.1777813969992 -0.181363066756909 -0.324815222964515 2.21200484301728
-0.462370578403135 -1.1777813969992 -0.181363066756909 -0.324815222964515 -0.360093811653976
-0.462370578403135 0.36180212848995 -0.181363066756909 -0.324815222964515 -0.360093811653976
-0.462370578403135 1.9013856539791 -0.181363066756909 -0.324815222964515 -0.360093811653976
-0.462370578403135 -1.1777813969992 -0.181363066756909 -0.324815222964515 -0.360093811653976
-0.462370578403135 0.36180212848995 -0.181363066756909 -0.324815222964515 -0.360093811653976
-0.462370578403135 0.36180212848995 -0.181363066756909 -0.324815222964515 -0.360093811653976
-0.462370578403135 -1.1777813969992 -0.181363066756909 -0.324815222964515 -0.360093811653976
1.90876059289499 0.36180212848995 -0.181363066756909 -0.324815222964515 -0.360093811653976
-0.462370578403135 -1.1777813969992 -0.181363066756909 -0.324815222964515 -0.360093811653976
-0.462370578403135 0.36180212848995 -0.181363066756909 -0.324815222964515 -0.360093811653976
